d374d560-9406-4609-baca-4c7b087e2963_45	chr_1	97.610	502	5	7	6	500	21143572	21144073	0.0	854
45e95c47-8f0f-44dd-8d98-c080ff5d41f0_60	chr_1	98.004	501	3	6	1	499	21165140	21164645	0.0	863
5f86487b-e468-45dd-a166-9f6796b4f69b_63	chr_1	96.464	509	5	7	1	499	21165150	21164645	0.0	828
9ff8ee9f-c0b7-4947-ac59-ea16bec73c1b_46	chr_1	98.621	290	0	3	215	500	21155382	21155093	9.69e-144	510
9ff8ee9f-c0b7-4947-ac59-ea16bec73c1b_48	chr_1	98.621	290	0	3	215	500	21155382	21155093	9.69e-144	510
9ff8ee9f-c0b7-4947-ac59-ea16bec73c1b_49	chr_1	97.984	496	4	5	1	495	21144062	21143572	0.0	856
9ff8ee9f-c0b7-4947-ac59-ea16bec73c1b_53	chr_1	97.426	505	2	9	1	498	21144072	21143572	0.0	850
9ff8ee9f-c0b7-4947-ac59-ea16bec73c1b_68	chr_1	98.608	503	2	4	2	499	21155382	21154880	0.0	885
9ff8ee9f-c0b7-4947-ac59-ea16bec73c1b_70	chr_1	98.608	503	2	4	2	499	21155382	21154880	0.0	885
65c22a80-b72c-41a3-a7d5-b46af345d3b7_22	chr_1	96.259	294	5	6	211	500	21155382	21155091	9.83e-134	477
65c22a80-b72c-41a3-a7d5-b46af345d3b7_24	chr_1	96.259	294	5	6	211	500	21155382	21155091	9.83e-134	477
65c22a80-b72c-41a3-a7d5-b46af345d3b7_25	chr_1	97.996	499	1	7	1	495	21144065	21143572	0.0	857
65c22a80-b72c-41a3-a7d5-b46af345d3b7_42	chr_1	97.059	374	5	6	2	371	21155382	21155011	2.42e-178	625
65c22a80-b72c-41a3-a7d5-b46af345d3b7_44	chr_1	97.059	374	5	6	2	371	21155382	21155011	2.42e-178	625
44ff67d2-c2f3-4d25-9b67-16b50ef9229d_22	chr_1	98.976	293	2	1	1	292	21155090	21155382	1.24e-147	523
44ff67d2-c2f3-4d25-9b67-16b50ef9229d_24	chr_1	98.976	293	2	1	1	292	21155090	21155382	1.24e-147	523
44ff67d2-c2f3-4d25-9b67-16b50ef9229d_33	chr_1	98.413	504	2	4	1	499	21154880	21155382	0.0	881
44ff67d2-c2f3-4d25-9b67-16b50ef9229d_35	chr_1	98.413	504	2	4	1	499	21154880	21155382	0.0	881
5989d142-18b6-48bc-88f3-6b14547a0362_35	chr_1	96.610	295	0	7	1	285	21155088	21155382	7.60e-135	481
5989d142-18b6-48bc-88f3-6b14547a0362_37	chr_1	96.610	295	0	7	1	285	21155088	21155382	7.60e-135	481
5989d142-18b6-48bc-88f3-6b14547a0362_47	chr_1	92.263	517	15	20	1	499	21165154	21164645	0.0	710
5989d142-18b6-48bc-88f3-6b14547a0362_50	chr_1	95.030	503	10	11	6	500	21143572	21144067	0.0	776
5989d142-18b6-48bc-88f3-6b14547a0362_52	chr_1	96.047	506	5	11	9	500	21143574	21144078	0.0	809
5989d142-18b6-48bc-88f3-6b14547a0362_59	chr_1	97.244	508	0	11	2	499	21154879	21155382	0.0	848
5989d142-18b6-48bc-88f3-6b14547a0362_61	chr_1	97.244	508	0	11	2	499	21154879	21155382	0.0	848
d342a5a2-1b08-4e2f-9a14-66af571eefb6_31	chr_1	97.952	293	1	2	1	289	21155091	21155382	1.62e-141	503
d342a5a2-1b08-4e2f-9a14-66af571eefb6_33	chr_1	97.952	293	1	2	1	289	21155091	21155382	1.62e-141	503
d342a5a2-1b08-4e2f-9a14-66af571eefb6_40	chr_1	94.942	257	9	4	248	500	21155369	21155113	2.19e-110	399
d342a5a2-1b08-4e2f-9a14-66af571eefb6_42	chr_1	94.942	257	9	4	248	500	21155369	21155113	2.19e-110	399
d342a5a2-1b08-4e2f-9a14-66af571eefb6_54	chr_1	97.590	498	4	5	6	500	21143572	21144064	0.0	846
d342a5a2-1b08-4e2f-9a14-66af571eefb6_65	chr_1	98.416	505	1	3	1	499	21154879	21155382	0.0	881
d342a5a2-1b08-4e2f-9a14-66af571eefb6_67	chr_1	98.416	505	1	3	1	499	21154879	21155382	0.0	881
f1556f71-53bb-4992-ba29-81279f610ba6_21	chr_1	95.472	508	10	5	1	499	21158918	21159421	0.0	798
f1556f71-53bb-4992-ba29-81279f610ba6_23	chr_1	95.472	508	10	5	1	499	21158918	21159421	0.0	798
f1556f71-53bb-4992-ba29-81279f610ba6_33	chr_1	100.000	288	0	0	1	288	21155095	21155382	2.07e-150	532
f1556f71-53bb-4992-ba29-81279f610ba6_35	chr_1	100.000	288	0	0	1	288	21155095	21155382	2.07e-150	532
f1556f71-53bb-4992-ba29-81279f610ba6_38	chr_1	98.594	498	2	4	6	500	21143572	21144067	0.0	876
f1556f71-53bb-4992-ba29-81279f610ba6_45	chr_1	99.198	499	1	2	1	499	21154887	21155382	0.0	896
f1556f71-53bb-4992-ba29-81279f610ba6_47	chr_1	99.198	499	1	2	1	499	21154887	21155382	0.0	896
6b86c326-6c40-4ba0-bcf8-c7c36e315cff_20	chr_1	97.590	498	3	8	6	497	21143572	21144066	0.0	845
1d80424c-e5a7-4729-9450-98a30c8ce076_57	chr_1	98.400	500	2	4	6	500	21143572	21144070	0.0	874
e197d6ca-9585-4d99-8149-28068f54e4d3_41	chr_1	97.988	497	2	4	6	500	21143572	21144062	0.0	856
b5503779-2236-4d8c-aed5-440f5010dfa5_25	chr_1	99.653	288	0	1	1	288	21155096	21155382	3.46e-148	525
b5503779-2236-4d8c-aed5-440f5010dfa5_27	chr_1	99.653	288	0	1	1	288	21155096	21155382	3.46e-148	525
b5503779-2236-4d8c-aed5-440f5010dfa5_30	chr_1	98.196	499	1	6	6	500	21143572	21144066	0.0	865
b5503779-2236-4d8c-aed5-440f5010dfa5_37	chr_1	98.207	502	5	4	1	499	21154882	21155382	0.0	874
b5503779-2236-4d8c-aed5-440f5010dfa5_39	chr_1	98.207	502	5	4	1	499	21154882	21155382	0.0	874
14fab71a-8805-485e-ad19-8332dc26ccc7_25	chr_1	98.788	495	3	3	9	500	21143577	21144071	0.0	878
975d6e2c-bb00-455d-9128-6105dd1c8fe4_27	chr_1	97.917	288	3	3	1	285	21155095	21155382	2.71e-139	496
975d6e2c-bb00-455d-9128-6105dd1c8fe4_29	chr_1	97.917	288	3	3	1	285	21155095	21155382	2.71e-139	496
975d6e2c-bb00-455d-9128-6105dd1c8fe4_40	chr_1	98.406	502	5	3	1	499	21154881	21155382	0.0	880
975d6e2c-bb00-455d-9128-6105dd1c8fe4_42	chr_1	98.406	502	5	3	1	499	21154881	21155382	0.0	880
ac5086d5-4dc1-4058-ad7c-8b83df410a34_38	chr_1	99.655	290	0	1	212	500	21155382	21155093	2.68e-149	529
ac5086d5-4dc1-4058-ad7c-8b83df410a34_40	chr_1	99.655	290	0	1	212	500	21155382	21155093	2.68e-149	529
ac5086d5-4dc1-4058-ad7c-8b83df410a34_43	chr_1	96.897	290	1	4	1	288	21155099	21155382	2.73e-134	479
ac5086d5-4dc1-4058-ad7c-8b83df410a34_45	chr_1	96.897	290	1	4	1	288	21155099	21155382	2.73e-134	479
ac5086d5-4dc1-4058-ad7c-8b83df410a34_59	chr_1	98.394	498	4	4	1	495	21144068	21143572	0.0	872
ac5086d5-4dc1-4058-ad7c-8b83df410a34_62	chr_1	97.817	504	2	6	6	500	21143572	21144075	0.0	861
ac5086d5-4dc1-4058-ad7c-8b83df410a34_81	chr_1	97.614	503	2	6	1	499	21154886	21155382	0.0	854
ac5086d5-4dc1-4058-ad7c-8b83df410a34_83	chr_1	97.614	503	2	6	1	499	21154886	21155382	0.0	854
ac5086d5-4dc1-4058-ad7c-8b83df410a34_86	chr_1	99.006	503	0	4	2	500	21155382	21154881	0.0	896
ac5086d5-4dc1-4058-ad7c-8b83df410a34_88	chr_1	99.006	503	0	4	2	500	21155382	21154881	0.0	896
5f23abd3-f806-4348-9ade-ccadb117882c_38	chr_1	95.322	513	8	11	2	500	21164645	21165155	0.0	800
5f23abd3-f806-4348-9ade-ccadb117882c_39	chr_1	95.850	506	6	10	1	495	21144073	21143572	0.0	804
465dba9f-b1a2-4c2f-81f0-9551fed6b0eb_41	chr_1	98.790	496	4	2	1	495	21144066	21143572	0.0	881
25faf13c-2642-4704-98d2-a42d1e353984_53	chr_1	92.308	299	11	9	1	290	21155087	21155382	7.82e-115	414
25faf13c-2642-4704-98d2-a42d1e353984_55	chr_1	92.308	299	11	9	1	290	21155087	21155382	7.82e-115	414
25faf13c-2642-4704-98d2-a42d1e353984_65	chr_1	98.592	497	3	4	6	500	21143572	21144066	0.0	876
25faf13c-2642-4704-98d2-a42d1e353984_73	chr_1	92.745	510	16	11	11	500	21143572	21144080	0.0	717
25faf13c-2642-4704-98d2-a42d1e353984_84	chr_1	92.085	518	19	15	1	499	21154868	21155382	0.0	710
25faf13c-2642-4704-98d2-a42d1e353984_86	chr_1	92.085	518	19	15	1	499	21154868	21155382	0.0	710
c1c708fa-f331-4485-a58d-e18a90434e12_26	chr_1	94.643	504	13	9	6	500	21143572	21144070	0.0	769
0f1e242a-bb94-4e10-8eb9-c2d3f0e42934_4	chr_1	95.285	509	9	11	2	500	8668683	8669186	0.0	793
7e76c03c-a1af-4262-bfdc-e945447f7f11_34	chr_1	100.000	284	0	0	1	284	21155096	21155379	3.46e-148	525
7e76c03c-a1af-4262-bfdc-e945447f7f11_36	chr_1	100.000	284	0	0	1	284	21155096	21155379	3.46e-148	525
7e76c03c-a1af-4262-bfdc-e945447f7f11_41	chr_1	99.398	498	0	2	6	500	21143572	21144069	0.0	900
7e76c03c-a1af-4262-bfdc-e945447f7f11_50	chr_1	99.395	496	0	2	1	495	21154886	21155379	0.0	896
7e76c03c-a1af-4262-bfdc-e945447f7f11_52	chr_1	99.395	496	0	2	1	495	21154886	21155379	0.0	896
9b89a73e-e232-40db-afe7-98e33a865fd6_17	chr_1	97.006	501	4	7	6	500	21143572	21144067	0.0	832
d3893dae-b5dc-4d86-bfff-cfb899b8e69e_29	chr_1	97.619	294	0	3	1	290	21155092	21155382	7.54e-140	497
d3893dae-b5dc-4d86-bfff-cfb899b8e69e_31	chr_1	97.619	294	0	3	1	290	21155092	21155382	7.54e-140	497
d3893dae-b5dc-4d86-bfff-cfb899b8e69e_38	chr_1	94.488	508	11	16	6	500	21143572	21144075	0.0	767
d3893dae-b5dc-4d86-bfff-cfb899b8e69e_45	chr_1	98.012	503	1	4	1	499	21154885	21155382	0.0	865
d3893dae-b5dc-4d86-bfff-cfb899b8e69e_47	chr_1	98.012	503	1	4	1	499	21154885	21155382	0.0	865
2007c2b3-a646-4264-bbd4-dcdcec551ce5_22	chr_1	98.189	497	1	6	10	500	21153521	21153027	0.0	861
2007c2b3-a646-4264-bbd4-dcdcec551ce5_24	chr_1	98.189	497	1	6	10	500	21153521	21153027	0.0	861
2007c2b3-a646-4264-bbd4-dcdcec551ce5_33	chr_1	99.394	495	0	3	1	495	21144063	21143572	0.0	894
2007c2b3-a646-4264-bbd4-dcdcec551ce5_35	chr_1	98.594	498	3	4	1	495	21144068	21143572	0.0	878
bd9af7fc-d44d-4ac6-b72b-05de7938ac8c_14	chr_1	98.387	496	3	5	6	500	21143572	21144063	0.0	867
fed0d252-e223-49c8-9554-403e2c84f0c7_11	chr_1	95.600	500	13	8	1	495	21144067	21143572	0.0	793
84646807-2e6f-429c-8b02-292934a3b318_13	chr_1	99.195	497	1	3	1	495	21144067	21143572	0.0	893
859fc54f-f73f-4b11-9729-de693b42d88d_29	chr_1	98.802	501	3	3	1	499	21165144	21164645	0.0	889
859fc54f-f73f-4b11-9729-de693b42d88d_32	chr_1	97.610	502	5	5	6	500	21143572	21144073	0.0	854
055b6858-9624-488d-9348-e6e2a29cd657_27	chr_1	97.966	295	1	4	1	290	21155088	21155382	1.25e-142	507
055b6858-9624-488d-9348-e6e2a29cd657_29	chr_1	97.966	295	1	4	1	290	21155088	21155382	1.25e-142	507
055b6858-9624-488d-9348-e6e2a29cd657_36	chr_1	93.902	492	7	14	22	500	21143587	21144068	0.0	721
055b6858-9624-488d-9348-e6e2a29cd657_38	chr_1	85.958	527	37	24	6	500	21143572	21144093	2.68e-149	529
055b6858-9624-488d-9348-e6e2a29cd657_47	chr_1	97.826	506	4	6	1	499	21154877	21155382	0.0	867
055b6858-9624-488d-9348-e6e2a29cd657_49	chr_1	97.826	506	4	6	1	499	21154877	21155382	0.0	867
717f5702-ab60-4fbc-bdbf-9caa12ab4c0c_13	chr_1	98.004	501	2	7	1	495	21144070	21143572	0.0	863
b825aa2c-ad08-4817-96e5-77bb6bec9d7f_12	chr_1	91.262	515	20	20	3	500	21143572	21144078	0.0	678
