OpIE2-polyA	fb4027a4-c31c-4e5c-97e8-988e13ddcb7c	100.000	130	0	0	130	1	130	34355	3264	3135	1.19e-61
OpIE2-polyA	fb4027a4-c31c-4e5c-97e8-988e13ddcb7c	100.000	130	0	0	130	1	130	34355	24805	24934	1.19e-61
OpIE2-polyA	fb4027a4-c31c-4e5c-97e8-988e13ddcb7c	100.000	130	0	0	130	1	130	34355	33404	33275	1.19e-61
OpIE2-polyA	fb4027a4-c31c-4e5c-97e8-988e13ddcb7c	99.231	129	1	0	130	1	130	34355	15334	15463	5.53e-60
OpIE2-polyA	fb4027a4-c31c-4e5c-97e8-988e13ddcb7c	100.000	124	0	0	130	7	130	34355	12739	12616	2.57e-58
OpIE2-polyA	fb4027a4-c31c-4e5c-97e8-988e13ddcb7c	96.183	126	2	3	130	1	130	34355	5689	5817	9.32e-53
OpIE2-polyA	fb4027a4-c31c-4e5c-97e8-988e13ddcb7c	96.154	125	2	3	130	1	130	34355	21443	21569	3.35e-52
OpIE2-polyA	fb4027a4-c31c-4e5c-97e8-988e13ddcb7c	95.489	127	3	2	130	1	130	34355	28164	28296	3.35e-52
OpIE2-polyA	9222f67e-b4d8-480c-908a-16b79deda5e9	100.000	130	0	0	130	1	130	38829	5627	5756	1.19e-61
OpIE2-polyA	9222f67e-b4d8-480c-908a-16b79deda5e9	100.000	117	0	0	130	12	128	38829	26514	26630	2.00e-54
OpIE2-polyA	9222f67e-b4d8-480c-908a-16b79deda5e9	91.241	125	5	5	130	1	130	38829	32572	32708	2.63e-43
OpIE2-polyA	9222f67e-b4d8-480c-908a-16b79deda5e9	95.370	103	1	2	130	1	108	38829	11612	11715	5.69e-40
OpIE2-polyA	9222f67e-b4d8-480c-908a-16b79deda5e9	90.698	117	3	7	130	1	121	38829	37119	36992	2.65e-38
OpIE2-polyA	b56cb63d-2326-4658-b322-73ce9129989c	100.000	130	0	0	130	1	130	57427	39711	39840	1.19e-61
OpIE2-polyA	b56cb63d-2326-4658-b322-73ce9129989c	99.231	129	1	0	130	1	130	57427	7111	7240	5.53e-60
OpIE2-polyA	b56cb63d-2326-4658-b322-73ce9129989c	99.231	129	1	0	130	1	130	57427	46740	46611	5.53e-60
OpIE2-polyA	b56cb63d-2326-4658-b322-73ce9129989c	98.485	130	0	1	130	1	130	57427	37305	37174	7.16e-59
OpIE2-polyA	b56cb63d-2326-4658-b322-73ce9129989c	98.473	129	1	1	130	1	130	57427	4374	4504	2.57e-58
OpIE2-polyA	b56cb63d-2326-4658-b322-73ce9129989c	95.968	119	2	2	130	1	121	57427	11779	11656	7.26e-49
OpIE2-polyA	b56cb63d-2326-4658-b322-73ce9129989c	94.615	123	2	5	130	1	128	57427	17820	17694	2.61e-48
OpIE2-polyA	b56cb63d-2326-4658-b322-73ce9129989c	92.481	123	5	5	130	1	130	57427	55291	55421	5.65e-45
OpIE2-polyA	b56cb63d-2326-4658-b322-73ce9129989c	91.538	119	6	2	130	1	130	57427	49298	49422	1.22e-41
OpIE2-polyA	176c66c4-dc11-40b8-87d5-db55b6da9cf7	100.000	130	0	0	130	1	130	52334	30720	30849	1.19e-61
OpIE2-polyA	176c66c4-dc11-40b8-87d5-db55b6da9cf7	99.231	129	0	1	130	1	130	52334	842	970	1.99e-59
OpIE2-polyA	176c66c4-dc11-40b8-87d5-db55b6da9cf7	98.473	129	1	1	130	1	130	52334	9212	9082	2.57e-58
OpIE2-polyA	176c66c4-dc11-40b8-87d5-db55b6da9cf7	98.473	129	1	1	130	1	130	52334	12554	12424	2.57e-58
OpIE2-polyA	176c66c4-dc11-40b8-87d5-db55b6da9cf7	98.462	128	0	1	130	1	128	52334	21231	21360	9.26e-58
OpIE2-polyA	176c66c4-dc11-40b8-87d5-db55b6da9cf7	96.947	127	2	2	130	1	130	52334	37129	37258	5.57e-55
OpIE2-polyA	176c66c4-dc11-40b8-87d5-db55b6da9cf7	96.269	129	1	2	130	1	130	52334	18648	18515	2.00e-54
OpIE2-polyA	176c66c4-dc11-40b8-87d5-db55b6da9cf7	96.947	127	1	3	130	1	130	52334	28288	28160	2.00e-54
OpIE2-polyA	176c66c4-dc11-40b8-87d5-db55b6da9cf7	94.309	116	2	3	130	9	130	52334	5931	5813	2.03e-44
OpIE2-polyA	176c66c4-dc11-40b8-87d5-db55b6da9cf7	89.844	115	7	5	130	1	125	52334	45993	45869	3.43e-37
OpIE2-polyA	343980cd-0dd6-42ca-bdc7-bbb1280dc189	100.000	130	0	0	130	1	130	38618	3018	3147	1.19e-61
OpIE2-polyA	343980cd-0dd6-42ca-bdc7-bbb1280dc189	100.000	130	0	0	130	1	130	38618	18272	18401	1.19e-61
OpIE2-polyA	343980cd-0dd6-42ca-bdc7-bbb1280dc189	99.237	130	0	1	130	1	130	38618	24372	24502	5.53e-60
OpIE2-polyA	343980cd-0dd6-42ca-bdc7-bbb1280dc189	99.237	130	0	1	130	1	130	38618	31698	31568	5.53e-60
OpIE2-polyA	343980cd-0dd6-42ca-bdc7-bbb1280dc189	93.893	123	3	4	130	1	128	38618	28971	28843	3.38e-47
OpIE2-polyA	1b83ae44-1421-4c79-ad86-108d98dae477	100.000	130	0	0	130	1	130	16928	6795	6924	1.19e-61
OpIE2-polyA	1b83ae44-1421-4c79-ad86-108d98dae477	95.276	121	1	4	130	6	130	16928	16625	16502	2.61e-48
OpIE2-polyA	47e2ac17-b551-4e33-bd6c-aec6c1f1d6a3	100.000	130	0	0	130	1	130	77593	49023	49152	1.19e-61
OpIE2-polyA	47e2ac17-b551-4e33-bd6c-aec6c1f1d6a3	99.237	130	0	1	130	1	130	77593	71453	71583	5.53e-60
OpIE2-polyA	47e2ac17-b551-4e33-bd6c-aec6c1f1d6a3	98.485	130	0	1	130	1	130	77593	15865	15996	7.16e-59
OpIE2-polyA	47e2ac17-b551-4e33-bd6c-aec6c1f1d6a3	98.485	130	0	1	130	1	130	77593	64733	64864	7.16e-59
OpIE2-polyA	47e2ac17-b551-4e33-bd6c-aec6c1f1d6a3	100.000	124	0	0	130	7	130	77593	3814	3691	2.57e-58
OpIE2-polyA	47e2ac17-b551-4e33-bd6c-aec6c1f1d6a3	98.473	129	1	1	130	1	130	77593	56087	55957	2.57e-58
OpIE2-polyA	47e2ac17-b551-4e33-bd6c-aec6c1f1d6a3	97.727	129	1	2	130	1	130	77593	76684	76553	3.33e-57
OpIE2-polyA	47e2ac17-b551-4e33-bd6c-aec6c1f1d6a3	97.692	127	1	2	130	1	130	77593	24895	25022	4.31e-56
OpIE2-polyA	47e2ac17-b551-4e33-bd6c-aec6c1f1d6a3	97.692	127	1	2	130	1	130	77593	31709	31836	4.31e-56
OpIE2-polyA	47e2ac17-b551-4e33-bd6c-aec6c1f1d6a3	98.413	124	1	1	130	1	126	77593	8848	8724	1.55e-55
OpIE2-polyA	47e2ac17-b551-4e33-bd6c-aec6c1f1d6a3	97.692	127	0	2	130	1	130	77593	58642	58768	1.55e-55
OpIE2-polyA	47e2ac17-b551-4e33-bd6c-aec6c1f1d6a3	96.923	126	1	2	130	1	130	77593	46622	46496	7.21e-54
OpIE2-polyA	47e2ac17-b551-4e33-bd6c-aec6c1f1d6a3	100.000	115	0	0	130	1	115	77593	40607	40493	2.59e-53
OpIE2-polyA	47e2ac17-b551-4e33-bd6c-aec6c1f1d6a3	96.183	126	1	4	130	1	130	77593	19253	19380	9.32e-53
OpIE2-polyA	47e2ac17-b551-4e33-bd6c-aec6c1f1d6a3	95.420	125	4	2	130	1	130	77593	68110	68239	1.21e-51
OpIE2-polyA	0c3a1d28-5378-4f1a-bb31-f060e37232a4	100.000	130	0	0	130	1	130	49669	29301	29172	1.19e-61
OpIE2-polyA	0c3a1d28-5378-4f1a-bb31-f060e37232a4	99.231	129	1	0	130	1	130	49669	44860	44989	5.53e-60
OpIE2-polyA	0c3a1d28-5378-4f1a-bb31-f060e37232a4	97.710	128	1	2	130	1	130	49669	34344	34215	1.20e-56
OpIE2-polyA	0c3a1d28-5378-4f1a-bb31-f060e37232a4	96.296	130	0	2	130	1	130	49669	41467	41601	2.00e-54
OpIE2-polyA	0c3a1d28-5378-4f1a-bb31-f060e37232a4	96.850	123	0	2	130	1	126	49669	24791	24668	3.35e-52
OpIE2-polyA	0c3a1d28-5378-4f1a-bb31-f060e37232a4	95.968	119	2	2	130	1	121	49669	1428	1305	7.26e-49
OpIE2-polyA	0c3a1d28-5378-4f1a-bb31-f060e37232a4	92.593	125	3	7	130	1	130	49669	15063	14931	1.57e-45
OpIE2-polyA	587b170b-9b36-416b-b9b0-f7ffe28c2366	100.000	130	0	0	130	1	130	3263	1107	978	1.19e-61
OpIE2-polyA	48e76ccc-6938-41e4-af21-20d1af7e708f	100.000	130	0	0	130	1	130	35544	12898	12769	1.19e-61
OpIE2-polyA	48e76ccc-6938-41e4-af21-20d1af7e708f	98.462	128	2	0	130	1	130	35544	28318	28189	2.57e-58
OpIE2-polyA	48e76ccc-6938-41e4-af21-20d1af7e708f	97.727	129	0	3	130	1	130	35544	18961	18831	1.20e-56
OpIE2-polyA	48e76ccc-6938-41e4-af21-20d1af7e708f	97.656	125	1	2	130	1	127	35544	1288	1414	5.57e-55
OpIE2-polyA	48e76ccc-6938-41e4-af21-20d1af7e708f	96.970	128	1	3	130	1	130	35544	30742	30872	5.57e-55
OpIE2-polyA	6ddf28aa-da6c-4943-81cd-923731c11a38	100.000	130	0	0	130	1	130	36935	34810	34681	1.19e-61
OpIE2-polyA	6ddf28aa-da6c-4943-81cd-923731c11a38	99.231	129	0	1	130	1	130	36935	319	447	1.99e-59
OpIE2-polyA	6ddf28aa-da6c-4943-81cd-923731c11a38	96.923	126	1	2	130	1	130	36935	20212	20086	7.21e-54
OpIE2-polyA	6ddf28aa-da6c-4943-81cd-923731c11a38	88.800	111	6	7	130	4	121	36935	6983	6860	2.67e-33
OpIE2-polyA	c27f1ab1-c564-4bf6-b9f4-4120e063c288	100.000	130	0	0	130	1	130	54060	28947	28818	1.19e-61
OpIE2-polyA	c27f1ab1-c564-4bf6-b9f4-4120e063c288	100.000	130	0	0	130	1	130	54060	33491	33362	1.19e-61
OpIE2-polyA	c27f1ab1-c564-4bf6-b9f4-4120e063c288	99.237	130	0	1	130	1	130	54060	38568	38438	5.53e-60
OpIE2-polyA	c27f1ab1-c564-4bf6-b9f4-4120e063c288	99.231	129	0	1	130	1	130	54060	5423	5295	1.99e-59
OpIE2-polyA	c27f1ab1-c564-4bf6-b9f4-4120e063c288	98.485	130	0	1	130	1	130	54060	49033	49164	7.16e-59
OpIE2-polyA	c27f1ab1-c564-4bf6-b9f4-4120e063c288	98.462	128	0	1	130	1	130	54060	45673	45800	9.26e-58
OpIE2-polyA	c27f1ab1-c564-4bf6-b9f4-4120e063c288	96.923	126	2	2	130	1	130	54060	19148	19021	2.00e-54
OpIE2-polyA	c27f1ab1-c564-4bf6-b9f4-4120e063c288	89.231	116	5	7	130	8	130	54060	23562	23689	1.59e-35
OpIE2-polyA	5f9b63a0-b29c-46fe-9849-e321d27c2499	100.000	130	0	0	130	1	130	75108	7224	7095	1.19e-61
OpIE2-polyA	5f9b63a0-b29c-46fe-9849-e321d27c2499	100.000	130	0	0	130	1	130	75108	19346	19475	1.19e-61
OpIE2-polyA	5f9b63a0-b29c-46fe-9849-e321d27c2499	100.000	130	0	0	130	1	130	75108	22707	22836	1.19e-61
OpIE2-polyA	5f9b63a0-b29c-46fe-9849-e321d27c2499	99.231	129	1	0	130	1	130	75108	65758	65887	5.53e-60
OpIE2-polyA	5f9b63a0-b29c-46fe-9849-e321d27c2499	100.000	126	0	0	130	1	126	75108	44662	44537	1.99e-59
OpIE2-polyA	5f9b63a0-b29c-46fe-9849-e321d27c2499	100.000	125	0	0	130	1	125	75108	62427	62551	7.16e-59
OpIE2-polyA	5f9b63a0-b29c-46fe-9849-e321d27c2499	98.473	129	0	2	130	1	130	75108	29552	29681	2.57e-58
OpIE2-polyA	5f9b63a0-b29c-46fe-9849-e321d27c2499	98.473	129	1	1	130	1	130	75108	38399	38269	2.57e-58
OpIE2-polyA	5f9b63a0-b29c-46fe-9849-e321d27c2499	98.462	128	0	1	130	1	130	75108	69123	69250	9.26e-58
OpIE2-polyA	5f9b63a0-b29c-46fe-9849-e321d27c2499	97.744	130	0	2	130	1	130	75108	47076	47208	3.33e-57
OpIE2-polyA	5f9b63a0-b29c-46fe-9849-e321d27c2499	99.200	124	0	1	130	1	124	75108	2675	2551	1.20e-56
OpIE2-polyA	5f9b63a0-b29c-46fe-9849-e321d27c2499	96.947	127	2	2	130	1	130	75108	12269	12140	5.57e-55
OpIE2-polyA	5f9b63a0-b29c-46fe-9849-e321d27c2499	96.241	128	2	3	130	1	130	75108	54085	53953	7.21e-54
OpIE2-polyA	5f9b63a0-b29c-46fe-9849-e321d27c2499	90.370	122	3	8	130	1	130	75108	74305	74176	5.69e-40
OpIE2-polyA	858037d6-22b0-44d9-9d60-085ad46e78a4	100.000	130	0	0	130	1	130	22541	16514	16643	1.19e-61
OpIE2-polyA	858037d6-22b0-44d9-9d60-085ad46e78a4	100.000	130	0	0	130	1	130	22541	21714	21585	1.19e-61
OpIE2-polyA	858037d6-22b0-44d9-9d60-085ad46e78a4	98.473	129	1	1	130	1	130	22541	1319	1189	2.57e-58
OpIE2-polyA	858037d6-22b0-44d9-9d60-085ad46e78a4	98.462	128	1	1	130	1	130	22541	9815	9943	9.26e-58
OpIE2-polyA	858037d6-22b0-44d9-9d60-085ad46e78a4	97.692	127	1	2	130	1	130	22541	13160	13287	4.31e-56
OpIE2-polyA	858037d6-22b0-44d9-9d60-085ad46e78a4	87.121	115	12	4	130	1	130	22541	3837	3965	9.59e-33
OpIE2-polyA	1848c259-b443-42a1-8c8d-fd0f251b42d4	100.000	130	0	0	130	1	130	77933	70954	71083	1.19e-61
OpIE2-polyA	1848c259-b443-42a1-8c8d-fd0f251b42d4	99.231	129	0	1	130	1	130	77933	52743	52615	1.99e-59
OpIE2-polyA	1848c259-b443-42a1-8c8d-fd0f251b42d4	98.462	128	1	1	130	1	130	77933	64887	65015	9.26e-58
OpIE2-polyA	1848c259-b443-42a1-8c8d-fd0f251b42d4	97.744	130	0	2	130	1	130	77933	45525	45393	3.33e-57
OpIE2-polyA	1848c259-b443-42a1-8c8d-fd0f251b42d4	97.710	128	2	1	130	1	130	77933	56082	55952	1.20e-56
OpIE2-polyA	1848c259-b443-42a1-8c8d-fd0f251b42d4	98.413	124	1	1	130	1	126	77933	23854	23978	1.55e-55
OpIE2-polyA	1848c259-b443-42a1-8c8d-fd0f251b42d4	97.692	127	0	2	130	1	130	77933	48806	48680	1.55e-55
OpIE2-polyA	1848c259-b443-42a1-8c8d-fd0f251b42d4	94.030	126	1	4	130	1	130	77933	39417	39547	2.61e-48
OpIE2-polyA	1848c259-b443-42a1-8c8d-fd0f251b42d4	97.368	111	0	3	130	19	130	77933	33030	33142	1.21e-46
OpIE2-polyA	1848c259-b443-42a1-8c8d-fd0f251b42d4	93.846	122	1	4	130	4	130	77933	25445	25570	4.37e-46
OpIE2-polyA	1848c259-b443-42a1-8c8d-fd0f251b42d4	93.130	122	5	3	130	1	128	77933	62136	62007	4.37e-46
OpIE2-polyA	1848c259-b443-42a1-8c8d-fd0f251b42d4	95.192	99	1	3	130	1	103	77933	9474	9374	9.52e-38
OpIE2-polyA	a5bc75f0-7e19-4b0e-82f9-f5a7624a6bfd	100.000	130	0	0	130	1	130	43961	33311	33440	1.19e-61
OpIE2-polyA	a5bc75f0-7e19-4b0e-82f9-f5a7624a6bfd	98.462	128	2	0	130	1	130	43961	9166	9037	2.57e-58
OpIE2-polyA	a5bc75f0-7e19-4b0e-82f9-f5a7624a6bfd	98.462	128	2	0	130	1	130	43961	40713	40584	2.57e-58
OpIE2-polyA	a5bc75f0-7e19-4b0e-82f9-f5a7624a6bfd	96.923	126	0	2	130	2	130	43961	17987	18113	7.21e-54
OpIE2-polyA	a5bc75f0-7e19-4b0e-82f9-f5a7624a6bfd	96.212	127	1	2	130	1	130	43961	36042	36171	2.59e-53
OpIE2-polyA	a5bc75f0-7e19-4b0e-82f9-f5a7624a6bfd	95.349	123	2	3	130	1	127	43961	24027	24153	5.61e-50
OpIE2-polyA	a5bc75f0-7e19-4b0e-82f9-f5a7624a6bfd	93.182	123	5	3	130	1	130	43961	5841	5712	1.21e-46
OpIE2-polyA	a5bc75f0-7e19-4b0e-82f9-f5a7624a6bfd	90.164	110	7	4	130	1	121	43961	1911	1794	1.59e-35
OpIE2-polyA	a5bc75f0-7e19-4b0e-82f9-f5a7624a6bfd	90.909	100	6	4	130	1	108	43961	15203	15096	9.59e-33
OpIE2-polyA	9342b8bf-7e14-4329-9baf-98c46c42c47f	100.000	130	0	0	130	1	130	104430	3362	3233	1.19e-61
OpIE2-polyA	9342b8bf-7e14-4329-9baf-98c46c42c47f	97.674	126	1	2	130	4	130	104430	1754	1626	1.55e-55
OpIE2-polyA	c066cbb3-de9a-4fed-b197-42ea37e6cd9f	100.000	130	0	0	130	1	130	39297	9289	9160	1.19e-61
OpIE2-polyA	c066cbb3-de9a-4fed-b197-42ea37e6cd9f	100.000	130	0	0	130	1	130	39297	37118	37247	1.19e-61
OpIE2-polyA	c066cbb3-de9a-4fed-b197-42ea37e6cd9f	98.462	128	0	1	130	1	130	39297	422	549	9.26e-58
OpIE2-polyA	c066cbb3-de9a-4fed-b197-42ea37e6cd9f	98.462	128	1	1	130	1	130	39297	25070	24942	9.26e-58
OpIE2-polyA	c066cbb3-de9a-4fed-b197-42ea37e6cd9f	96.241	128	0	2	130	1	130	39297	32082	32212	2.59e-53
OpIE2-polyA	c066cbb3-de9a-4fed-b197-42ea37e6cd9f	94.697	125	3	4	130	1	130	39297	21732	21603	5.61e-50
OpIE2-polyA	c066cbb3-de9a-4fed-b197-42ea37e6cd9f	93.077	121	2	5	130	3	130	39297	16108	15984	2.03e-44
OpIE2-polyA	1f3d2493-2d5b-4ceb-a3a1-0c9f74674d8e	100.000	130	0	0	130	1	130	49914	45801	45672	1.19e-61
OpIE2-polyA	1f3d2493-2d5b-4ceb-a3a1-0c9f74674d8e	99.231	129	1	0	130	1	130	49914	36981	37110	5.53e-60
OpIE2-polyA	1f3d2493-2d5b-4ceb-a3a1-0c9f74674d8e	99.231	129	0	1	130	1	130	49914	30607	30735	1.99e-59
OpIE2-polyA	1f3d2493-2d5b-4ceb-a3a1-0c9f74674d8e	99.219	127	0	1	130	1	127	49914	28196	28069	2.57e-58
OpIE2-polyA	1f3d2493-2d5b-4ceb-a3a1-0c9f74674d8e	97.744	130	0	1	130	1	130	49914	9485	9353	3.33e-57
OpIE2-polyA	1f3d2493-2d5b-4ceb-a3a1-0c9f74674d8e	97.710	128	2	1	130	1	130	49914	938	1068	1.20e-56
OpIE2-polyA	1f3d2493-2d5b-4ceb-a3a1-0c9f74674d8e	97.710	128	2	1	130	1	130	49914	18917	18787	1.20e-56
OpIE2-polyA	1f3d2493-2d5b-4ceb-a3a1-0c9f74674d8e	94.017	110	4	3	130	1	116	49914	12836	12722	1.22e-41
OpIE2-polyA	1f3d2493-2d5b-4ceb-a3a1-0c9f74674d8e	90.698	117	10	2	130	1	128	49914	6101	5974	1.58e-40
OpIE2-polyA	4c686fb5-6b68-4669-9e42-cfc6558c68a1	100.000	130	0	0	130	1	130	60718	1069	1198	1.19e-61
OpIE2-polyA	4c686fb5-6b68-4669-9e42-cfc6558c68a1	100.000	130	0	0	130	1	130	60718	39186	39315	1.19e-61
OpIE2-polyA	4c686fb5-6b68-4669-9e42-cfc6558c68a1	100.000	130	0	0	130	1	130	60718	42550	42679	1.19e-61
OpIE2-polyA	4c686fb5-6b68-4669-9e42-cfc6558c68a1	99.231	129	1	0	130	1	130	60718	17834	17705	5.53e-60
OpIE2-polyA	4c686fb5-6b68-4669-9e42-cfc6558c68a1	98.473	129	0	2	130	1	130	60718	23911	23782	2.57e-58
OpIE2-polyA	4c686fb5-6b68-4669-9e42-cfc6558c68a1	98.462	128	2	0	130	1	130	60718	56747	56618	2.57e-58
OpIE2-polyA	4c686fb5-6b68-4669-9e42-cfc6558c68a1	98.462	128	1	1	130	1	130	60718	35231	35359	9.26e-58
OpIE2-polyA	4c686fb5-6b68-4669-9e42-cfc6558c68a1	98.425	125	1	1	130	4	130	60718	55137	55012	4.31e-56
OpIE2-polyA	4c686fb5-6b68-4669-9e42-cfc6558c68a1	96.899	125	0	2	130	6	130	60718	48692	48564	2.59e-53
OpIE2-polyA	4c686fb5-6b68-4669-9e42-cfc6558c68a1	95.276	121	1	3	130	1	126	60718	8520	8398	2.61e-48
OpIE2-polyA	4c686fb5-6b68-4669-9e42-cfc6558c68a1	91.729	122	3	6	130	1	130	60718	5777	5650	9.46e-43
OpIE2-polyA	7e5f0f2e-e8fe-458c-89a3-87b9ef67289c	100.000	130	0	0	130	1	130	24187	11600	11729	1.19e-61
OpIE2-polyA	7e5f0f2e-e8fe-458c-89a3-87b9ef67289c	99.231	129	0	1	130	1	130	24187	5526	5654	1.99e-59
OpIE2-polyA	7e5f0f2e-e8fe-458c-89a3-87b9ef67289c	99.231	129	0	1	130	1	130	24187	14971	15099	1.99e-59
OpIE2-polyA	7e5f0f2e-e8fe-458c-89a3-87b9ef67289c	95.455	126	1	4	130	1	130	24187	18325	18453	4.34e-51
OpIE2-polyA	7e5f0f2e-e8fe-458c-89a3-87b9ef67289c	94.815	128	2	4	130	1	130	24187	23551	23417	4.34e-51
OpIE2-polyA	7e5f0f2e-e8fe-458c-89a3-87b9ef67289c	94.400	118	3	2	130	1	124	24187	2947	2826	4.37e-46
OpIE2-polyA	db4b5fdc-0ea9-447b-84a1-12d0a7ac23ab	100.000	130	0	0	130	1	130	59115	20374	20245	1.19e-61
OpIE2-polyA	db4b5fdc-0ea9-447b-84a1-12d0a7ac23ab	100.000	130	0	0	130	1	130	59115	37064	37193	1.19e-61
OpIE2-polyA	db4b5fdc-0ea9-447b-84a1-12d0a7ac23ab	100.000	130	0	0	130	1	130	59115	47245	47374	1.19e-61
OpIE2-polyA	db4b5fdc-0ea9-447b-84a1-12d0a7ac23ab	99.237	130	0	1	130	1	130	59115	40416	40546	5.53e-60
OpIE2-polyA	db4b5fdc-0ea9-447b-84a1-12d0a7ac23ab	99.225	128	0	1	130	1	128	59115	24917	24789	7.16e-59
OpIE2-polyA	db4b5fdc-0ea9-447b-84a1-12d0a7ac23ab	98.462	128	2	0	130	1	130	59115	29960	29831	2.57e-58
OpIE2-polyA	db4b5fdc-0ea9-447b-84a1-12d0a7ac23ab	97.744	130	0	2	130	1	130	59115	10333	10201	3.33e-57
OpIE2-polyA	db4b5fdc-0ea9-447b-84a1-12d0a7ac23ab	95.455	126	1	3	130	1	130	59115	56143	56015	4.34e-51
OpIE2-polyA	db4b5fdc-0ea9-447b-84a1-12d0a7ac23ab	91.241	125	1	8	130	1	130	59115	14925	15057	3.40e-42
OpIE2-polyA	da50cd4a-989e-4d8b-867f-704b32119511	100.000	130	0	0	130	1	130	73926	4044	3915	1.19e-61
OpIE2-polyA	da50cd4a-989e-4d8b-867f-704b32119511	100.000	129	0	0	130	2	130	73926	7393	7265	4.28e-61
OpIE2-polyA	da50cd4a-989e-4d8b-867f-704b32119511	98.473	129	0	2	130	1	130	73926	65873	66002	2.57e-58
OpIE2-polyA	da50cd4a-989e-4d8b-867f-704b32119511	97.692	127	1	2	130	1	130	73926	10738	10611	4.31e-56
OpIE2-polyA	da50cd4a-989e-4d8b-867f-704b32119511	97.710	128	0	2	130	1	130	73926	53884	53756	4.31e-56
OpIE2-polyA	da50cd4a-989e-4d8b-867f-704b32119511	96.970	128	1	2	130	1	130	73926	43736	43606	5.57e-55
OpIE2-polyA	da50cd4a-989e-4d8b-867f-704b32119511	96.212	127	3	1	130	1	130	73926	16800	16669	7.21e-54
OpIE2-polyA	da50cd4a-989e-4d8b-867f-704b32119511	96.212	127	1	2	130	1	130	73926	50530	50401	2.59e-53
OpIE2-polyA	da50cd4a-989e-4d8b-867f-704b32119511	95.420	125	2	2	130	1	130	73926	70406	70533	4.34e-51
OpIE2-polyA	da50cd4a-989e-4d8b-867f-704b32119511	94.615	123	2	3	130	1	130	73926	28664	28788	2.61e-48
OpIE2-polyA	da50cd4a-989e-4d8b-867f-704b32119511	94.615	123	0	5	130	1	130	73926	34992	35114	9.39e-48
OpIE2-polyA	da50cd4a-989e-4d8b-867f-704b32119511	90.000	117	4	7	130	1	130	73926	26265	26145	3.43e-37
OpIE2-polyA	da50cd4a-989e-4d8b-867f-704b32119511	89.916	107	10	2	130	6	122	73926	19320	19438	5.73e-35
OpIE2-polyA	f221497a-f337-4102-beeb-77a1297f4405	100.000	130	0	0	130	1	130	58952	43339	43468	1.19e-61
OpIE2-polyA	f221497a-f337-4102-beeb-77a1297f4405	100.000	130	0	0	130	1	130	58952	50387	50258	1.19e-61
OpIE2-polyA	f221497a-f337-4102-beeb-77a1297f4405	98.462	128	0	1	130	1	130	58952	2773	2646	9.26e-58
OpIE2-polyA	f221497a-f337-4102-beeb-77a1297f4405	97.727	129	1	1	130	1	130	58952	18847	18978	3.33e-57
OpIE2-polyA	f221497a-f337-4102-beeb-77a1297f4405	97.692	127	1	2	130	1	130	58952	9874	10001	4.31e-56
OpIE2-polyA	f221497a-f337-4102-beeb-77a1297f4405	96.154	125	2	3	130	1	130	58952	52958	53084	3.35e-52
OpIE2-polyA	f221497a-f337-4102-beeb-77a1297f4405	96.124	124	1	4	130	1	128	58952	34581	34456	1.21e-51
OpIE2-polyA	f221497a-f337-4102-beeb-77a1297f4405	94.697	125	4	3	130	1	130	58952	25675	25805	5.61e-50
OpIE2-polyA	f221497a-f337-4102-beeb-77a1297f4405	93.023	120	6	3	130	2	130	58952	13222	13347	5.65e-45
OpIE2-polyA	f221497a-f337-4102-beeb-77a1297f4405	89.231	116	6	7	130	1	126	58952	40934	40809	4.43e-36
OpIE2-polyA	d1b03622-a8e0-49d1-b869-9176c23ad415	100.000	130	0	0	130	1	130	9728	852	981	1.19e-61
OpIE2-polyA	6f0ab79f-e38d-4b5c-8c20-a2ce1a99fad0	100.000	130	0	0	130	1	130	14379	13294	13165	1.19e-61
OpIE2-polyA	6f0ab79f-e38d-4b5c-8c20-a2ce1a99fad0	98.438	126	0	2	130	1	126	14379	3868	3741	1.20e-56
OpIE2-polyA	6f0ab79f-e38d-4b5c-8c20-a2ce1a99fad0	96.241	128	2	3	130	1	130	14379	7222	7090	7.21e-54
OpIE2-polyA	2f86e314-ed55-4244-953d-d8a7e215b46e	100.000	130	0	0	130	1	130	48469	25754	25625	1.19e-61
OpIE2-polyA	2f86e314-ed55-4244-953d-d8a7e215b46e	98.485	130	0	1	130	1	130	48469	46395	46526	7.16e-59
OpIE2-polyA	2f86e314-ed55-4244-953d-d8a7e215b46e	98.473	129	1	1	130	1	130	48469	31816	31686	2.57e-58
OpIE2-polyA	2f86e314-ed55-4244-953d-d8a7e215b46e	97.744	130	0	2	130	1	130	48469	16530	16398	3.33e-57
OpIE2-polyA	2f86e314-ed55-4244-953d-d8a7e215b46e	95.489	127	2	2	130	1	130	48469	13765	13634	3.35e-52
OpIE2-polyA	2f86e314-ed55-4244-953d-d8a7e215b46e	94.737	126	4	2	130	1	130	48469	2934	3066	1.56e-50
OpIE2-polyA	2f86e314-ed55-4244-953d-d8a7e215b46e	96.694	117	1	2	130	1	121	48469	42438	42555	7.26e-49
OpIE2-polyA	2f86e314-ed55-4244-953d-d8a7e215b46e	93.233	124	3	3	130	1	130	48469	9050	9179	1.21e-46
OpIE2-polyA	2f86e314-ed55-4244-953d-d8a7e215b46e	92.727	102	3	3	130	1	110	48469	34558	34662	1.59e-35
OpIE2-polyA	10ead8ba-fb29-4904-acf2-2267f197d31a	100.000	130	0	0	130	1	130	45456	17478	17607	1.19e-61
OpIE2-polyA	10ead8ba-fb29-4904-acf2-2267f197d31a	100.000	130	0	0	130	1	130	45456	36273	36402	1.19e-61
OpIE2-polyA	10ead8ba-fb29-4904-acf2-2267f197d31a	99.237	130	0	1	130	1	130	45456	32916	33046	5.53e-60
OpIE2-polyA	10ead8ba-fb29-4904-acf2-2267f197d31a	100.000	124	0	0	130	7	130	45456	11671	11548	2.57e-58
OpIE2-polyA	10ead8ba-fb29-4904-acf2-2267f197d31a	97.015	130	0	1	130	1	130	45456	15048	14915	4.31e-56
OpIE2-polyA	10ead8ba-fb29-4904-acf2-2267f197d31a	97.619	123	0	2	130	1	126	45456	24544	24422	2.59e-53
OpIE2-polyA	10ead8ba-fb29-4904-acf2-2267f197d31a	92.366	121	6	3	130	1	130	45456	39625	39752	2.03e-44
OpIE2-polyA	fae31983-e85b-404e-86d7-61c4ad3a089a	100.000	130	0	0	130	1	130	62611	57277	57406	1.19e-61
OpIE2-polyA	fae31983-e85b-404e-86d7-61c4ad3a089a	99.231	129	1	0	130	1	130	62611	3242	3113	5.53e-60
OpIE2-polyA	fae31983-e85b-404e-86d7-61c4ad3a089a	97.727	129	1	1	130	1	130	62611	52691	52560	3.33e-57
OpIE2-polyA	fae31983-e85b-404e-86d7-61c4ad3a089a	97.638	124	0	3	130	1	124	62611	30657	30531	7.21e-54
OpIE2-polyA	fae31983-e85b-404e-86d7-61c4ad3a089a	96.212	127	1	4	130	1	130	62611	27333	27204	2.59e-53
OpIE2-polyA	fae31983-e85b-404e-86d7-61c4ad3a089a	96.875	124	2	1	130	1	128	62611	42707	42832	2.59e-53
OpIE2-polyA	fae31983-e85b-404e-86d7-61c4ad3a089a	94.737	126	3	3	130	1	130	62611	5649	5780	1.56e-50
OpIE2-polyA	fae31983-e85b-404e-86d7-61c4ad3a089a	95.385	124	3	2	130	1	130	62611	37702	37828	1.56e-50
OpIE2-polyA	fae31983-e85b-404e-86d7-61c4ad3a089a	99.091	109	0	1	130	1	109	62611	47212	47321	2.61e-48
OpIE2-polyA	fae31983-e85b-404e-86d7-61c4ad3a089a	92.424	122	3	5	130	1	130	62611	11922	12048	7.31e-44
OpIE2-polyA	fae31983-e85b-404e-86d7-61c4ad3a089a	87.786	115	6	7	130	1	130	62611	20576	20455	9.59e-33
OpIE2-polyA	8119f4fb-ddef-4629-b40b-bde21bc6248d	100.000	130	0	0	130	1	130	50341	19224	19353	1.19e-61
OpIE2-polyA	8119f4fb-ddef-4629-b40b-bde21bc6248d	100.000	108	0	0	130	23	130	50341	13175	13282	2.02e-49
OpIE2-polyA	8119f4fb-ddef-4629-b40b-bde21bc6248d	96.694	117	3	1	130	1	120	50341	26560	26440	2.02e-49
OpIE2-polyA	8119f4fb-ddef-4629-b40b-bde21bc6248d	93.382	127	2	6	130	1	130	50341	42979	43113	9.39e-48
OpIE2-polyA	8119f4fb-ddef-4629-b40b-bde21bc6248d	92.424	122	3	5	130	1	130	50341	23862	23736	7.31e-44
OpIE2-polyA	8119f4fb-ddef-4629-b40b-bde21bc6248d	95.283	101	3	2	130	1	105	50341	47385	47281	2.05e-39
OpIE2-polyA	35f98073-f4b2-4cfa-891a-1254f738e38f	100.000	130	0	0	130	1	130	56525	30457	30586	1.19e-61
OpIE2-polyA	35f98073-f4b2-4cfa-891a-1254f738e38f	100.000	130	0	0	130	1	130	56525	45681	45552	1.19e-61
OpIE2-polyA	35f98073-f4b2-4cfa-891a-1254f738e38f	98.473	129	1	1	130	1	130	56525	9185	9055	2.57e-58
OpIE2-polyA	35f98073-f4b2-4cfa-891a-1254f738e38f	99.206	125	0	1	130	1	126	56525	52511	52387	3.33e-57
OpIE2-polyA	35f98073-f4b2-4cfa-891a-1254f738e38f	97.692	127	3	0	130	1	130	56525	36843	36972	1.20e-56
OpIE2-polyA	35f98073-f4b2-4cfa-891a-1254f738e38f	96.923	126	4	0	130	1	130	56525	55827	55698	5.57e-55
OpIE2-polyA	35f98073-f4b2-4cfa-891a-1254f738e38f	96.183	126	1	4	130	1	130	56525	908	1035	9.32e-53
OpIE2-polyA	35f98073-f4b2-4cfa-891a-1254f738e38f	99.145	116	0	1	130	15	130	56525	28014	27898	3.35e-52
OpIE2-polyA	35f98073-f4b2-4cfa-891a-1254f738e38f	94.656	124	2	3	130	1	130	56525	21056	21182	7.26e-49
OpIE2-polyA	35f98073-f4b2-4cfa-891a-1254f738e38f	94.545	104	4	2	130	1	108	56525	18490	18381	5.69e-40
OpIE2-polyA	35f98073-f4b2-4cfa-891a-1254f738e38f	89.831	106	6	5	130	4	119	56525	12520	12407	2.67e-33
OpIE2-polyA	fa5e6788-60f2-4349-a6ec-39eed0b41fa5	100.000	130	0	0	130	1	130	17867	7481	7610	1.19e-61
OpIE2-polyA	fa5e6788-60f2-4349-a6ec-39eed0b41fa5	89.313	117	6	6	130	1	130	17867	1395	1518	1.23e-36
OpIE2-polyA	fa5e6788-60f2-4349-a6ec-39eed0b41fa5	89.431	110	7	6	130	1	119	17867	10964	10844	2.06e-34
OpIE2-polyA	fa5e6788-60f2-4349-a6ec-39eed0b41fa5	88.462	115	5	7	130	1	128	17867	16538	16417	7.41e-34
OpIE2-polyA	4ea3ea0d-d765-4946-b89e-2587a868763f	100.000	130	0	0	130	1	130	23439	364	493	1.19e-61
OpIE2-polyA	4ea3ea0d-d765-4946-b89e-2587a868763f	100.000	130	0	0	130	1	130	23439	7098	6969	1.19e-61
OpIE2-polyA	4ea3ea0d-d765-4946-b89e-2587a868763f	99.231	129	1	0	130	1	130	23439	11447	11576	5.53e-60
OpIE2-polyA	4ea3ea0d-d765-4946-b89e-2587a868763f	97.744	130	0	1	130	1	130	23439	20341	20209	3.33e-57
OpIE2-polyA	9eeadd8d-0249-4607-9940-0f2f6262a27b	100.000	130	0	0	130	1	130	28317	6227	6098	1.19e-61
OpIE2-polyA	9eeadd8d-0249-4607-9940-0f2f6262a27b	98.400	123	0	1	130	1	123	28317	2881	2757	5.57e-55
OpIE2-polyA	9eeadd8d-0249-4607-9940-0f2f6262a27b	99.174	120	0	1	130	1	121	28317	24949	24830	2.00e-54
OpIE2-polyA	9eeadd8d-0249-4607-9940-0f2f6262a27b	95.455	126	1	3	130	1	130	28317	27364	27492	4.34e-51
OpIE2-polyA	9eeadd8d-0249-4607-9940-0f2f6262a27b	93.939	124	2	2	130	1	126	28317	9556	9425	9.39e-48
OpIE2-polyA	9eeadd8d-0249-4607-9940-0f2f6262a27b	93.939	124	2	4	130	1	130	28317	15606	15479	9.39e-48
OpIE2-polyA	fb84ca4a-1363-469b-b4eb-d8976a4ac258	100.000	130	0	0	130	1	130	79029	11275	11146	1.19e-61
OpIE2-polyA	fb84ca4a-1363-469b-b4eb-d8976a4ac258	100.000	130	0	0	130	1	130	79029	15794	15665	1.19e-61
OpIE2-polyA	fb84ca4a-1363-469b-b4eb-d8976a4ac258	100.000	130	0	0	130	1	130	79029	46904	46775	1.19e-61
OpIE2-polyA	fb84ca4a-1363-469b-b4eb-d8976a4ac258	99.231	129	1	0	130	1	130	79029	77767	77896	5.53e-60
OpIE2-polyA	fb84ca4a-1363-469b-b4eb-d8976a4ac258	98.473	129	1	1	130	1	130	79029	20827	20697	2.57e-58
OpIE2-polyA	fb84ca4a-1363-469b-b4eb-d8976a4ac258	98.462	128	0	1	130	1	130	79029	55560	55687	9.26e-58
OpIE2-polyA	fb84ca4a-1363-469b-b4eb-d8976a4ac258	97.710	128	2	1	130	1	130	79029	1201	1071	1.20e-56
OpIE2-polyA	fb84ca4a-1363-469b-b4eb-d8976a4ac258	96.212	127	2	2	130	1	130	79029	38038	38168	2.59e-53
OpIE2-polyA	fb84ca4a-1363-469b-b4eb-d8976a4ac258	94.697	125	1	5	130	1	130	79029	74422	74549	2.02e-49
OpIE2-polyA	fb84ca4a-1363-469b-b4eb-d8976a4ac258	96.000	120	0	3	130	2	126	79029	53144	53025	7.26e-49
OpIE2-polyA	fb84ca4a-1363-469b-b4eb-d8976a4ac258	93.182	123	3	5	130	1	130	79029	31204	31331	4.37e-46
OpIE2-polyA	fb84ca4a-1363-469b-b4eb-d8976a4ac258	91.603	120	4	5	130	1	130	79029	27914	28038	1.22e-41
OpIE2-polyA	fb84ca4a-1363-469b-b4eb-d8976a4ac258	90.909	120	5	6	130	1	130	79029	71074	71200	1.58e-40
OpIE2-polyA	fb84ca4a-1363-469b-b4eb-d8976a4ac258	89.381	101	9	3	130	1	112	79029	5796	5906	4.46e-31
OpIE2-polyA	4820bb43-4af0-435b-8ac8-74ccdecd8de2	100.000	130	0	0	130	1	130	63391	28199	28070	1.19e-61
OpIE2-polyA	4820bb43-4af0-435b-8ac8-74ccdecd8de2	100.000	130	0	0	130	1	130	63391	54005	54134	1.19e-61
OpIE2-polyA	4820bb43-4af0-435b-8ac8-74ccdecd8de2	100.000	126	0	0	130	1	126	63391	18822	18697	1.99e-59
OpIE2-polyA	4820bb43-4af0-435b-8ac8-74ccdecd8de2	98.485	130	0	1	130	1	130	63391	57297	57428	7.16e-59
OpIE2-polyA	4820bb43-4af0-435b-8ac8-74ccdecd8de2	100.000	124	0	0	130	7	130	63391	35391	35514	2.57e-58
OpIE2-polyA	4820bb43-4af0-435b-8ac8-74ccdecd8de2	98.473	129	0	2	130	1	130	63391	50663	50792	2.57e-58
OpIE2-polyA	4820bb43-4af0-435b-8ac8-74ccdecd8de2	99.219	127	0	1	130	1	128	63391	62491	62365	2.57e-58
OpIE2-polyA	4820bb43-4af0-435b-8ac8-74ccdecd8de2	98.462	128	1	1	130	1	130	63391	32992	32864	9.26e-58
OpIE2-polyA	4820bb43-4af0-435b-8ac8-74ccdecd8de2	98.462	128	0	1	130	1	130	63391	42399	42272	9.26e-58
OpIE2-polyA	4820bb43-4af0-435b-8ac8-74ccdecd8de2	96.923	126	2	2	130	1	128	63391	12762	12633	2.00e-54
OpIE2-polyA	4820bb43-4af0-435b-8ac8-74ccdecd8de2	96.212	127	3	2	130	1	130	63391	9405	9274	7.21e-54
OpIE2-polyA	4820bb43-4af0-435b-8ac8-74ccdecd8de2	96.154	125	2	2	130	1	130	63391	30612	30738	3.35e-52
OpIE2-polyA	4820bb43-4af0-435b-8ac8-74ccdecd8de2	95.385	124	2	3	130	1	130	63391	886	1011	1.56e-50
OpIE2-polyA	4820bb43-4af0-435b-8ac8-74ccdecd8de2	93.893	123	4	2	130	1	128	63391	6058	5929	9.39e-48
OpIE2-polyA	f2558649-e0e9-464b-a1a2-12f290c8741f	100.000	130	0	0	130	1	130	10955	1566	1695	1.19e-61
OpIE2-polyA	f2558649-e0e9-464b-a1a2-12f290c8741f	97.710	128	2	1	130	1	130	10955	4883	5013	1.20e-56
OpIE2-polyA	f2558649-e0e9-464b-a1a2-12f290c8741f	94.215	114	2	4	130	1	120	10955	10017	9901	2.63e-43
OpIE2-polyA	5e83a439-6687-43ac-bf64-ddfb89baf36f	100.000	130	0	0	130	1	130	40630	14439	14568	1.19e-61
OpIE2-polyA	5e83a439-6687-43ac-bf64-ddfb89baf36f	100.000	125	0	0	130	1	125	40630	22155	22279	7.16e-59
OpIE2-polyA	5e83a439-6687-43ac-bf64-ddfb89baf36f	99.206	125	0	1	130	1	126	40630	36282	36158	3.33e-57
OpIE2-polyA	5e83a439-6687-43ac-bf64-ddfb89baf36f	97.458	115	0	1	130	4	121	40630	16059	16173	7.26e-49
OpIE2-polyA	5e83a439-6687-43ac-bf64-ddfb89baf36f	93.939	124	2	5	130	1	130	40630	39614	39487	9.39e-48
OpIE2-polyA	5e83a439-6687-43ac-bf64-ddfb89baf36f	94.488	120	3	3	130	4	130	40630	23775	23897	3.38e-47
OpIE2-polyA	5e83a439-6687-43ac-bf64-ddfb89baf36f	94.393	101	4	2	130	22	128	40630	5934	6038	2.65e-38
OpIE2-polyA	5e83a439-6687-43ac-bf64-ddfb89baf36f	89.062	114	6	5	130	1	128	40630	30188	30307	5.73e-35
OpIE2-polyA	80c57deb-26a3-449d-b7f9-2ab5649b22b3	100.000	130	0	0	130	1	130	54784	52767	52638	1.19e-61
OpIE2-polyA	80c57deb-26a3-449d-b7f9-2ab5649b22b3	97.656	125	1	1	130	1	126	54784	49463	49336	5.57e-55
OpIE2-polyA	80c57deb-26a3-449d-b7f9-2ab5649b22b3	93.846	122	4	3	130	1	130	54784	21029	20904	3.38e-47
OpIE2-polyA	80c57deb-26a3-449d-b7f9-2ab5649b22b3	95.161	118	2	3	130	7	130	54784	27369	27250	3.38e-47
OpIE2-polyA	80c57deb-26a3-449d-b7f9-2ab5649b22b3	92.754	128	0	6	130	1	130	54784	2054	2189	1.21e-46
OpIE2-polyA	80c57deb-26a3-449d-b7f9-2ab5649b22b3	94.828	110	2	2	130	1	113	54784	27646	27760	9.46e-43
OpIE2-polyA	80c57deb-26a3-449d-b7f9-2ab5649b22b3	90.977	121	8	4	130	1	130	54784	12199	12330	3.40e-42
OpIE2-polyA	80c57deb-26a3-449d-b7f9-2ab5649b22b3	91.603	120	4	4	130	1	130	54784	42753	42629	1.22e-41
OpIE2-polyA	80c57deb-26a3-449d-b7f9-2ab5649b22b3	89.630	121	7	5	130	1	130	54784	5402	5534	7.36e-39
OpIE2-polyA	be675bf2-2cd1-4024-976b-fde20709f652	100.000	128	0	0	130	1	128	68115	31495	31368	1.54e-60
OpIE2-polyA	be675bf2-2cd1-4024-976b-fde20709f652	99.231	129	1	0	130	1	130	68115	55699	55828	5.53e-60
OpIE2-polyA	be675bf2-2cd1-4024-976b-fde20709f652	98.462	128	2	0	130	1	130	68115	558	429	2.57e-58
OpIE2-polyA	be675bf2-2cd1-4024-976b-fde20709f652	98.425	125	0	2	130	1	127	68115	59033	59157	4.31e-56
OpIE2-polyA	be675bf2-2cd1-4024-976b-fde20709f652	97.692	127	0	3	130	1	130	68115	5558	5432	1.55e-55
OpIE2-polyA	be675bf2-2cd1-4024-976b-fde20709f652	96.094	123	3	2	130	1	128	68115	47259	47134	1.21e-51
OpIE2-polyA	be675bf2-2cd1-4024-976b-fde20709f652	93.182	123	4	4	130	1	130	68115	49700	49828	4.37e-46
OpIE2-polyA	be675bf2-2cd1-4024-976b-fde20709f652	93.130	122	2	5	130	1	130	68115	37811	37687	5.65e-45
OpIE2-polyA	be675bf2-2cd1-4024-976b-fde20709f652	94.215	114	4	2	130	1	120	68115	15886	16004	7.31e-44
OpIE2-polyA	be675bf2-2cd1-4024-976b-fde20709f652	90.226	120	5	6	130	1	130	68115	12562	12689	2.05e-39
OpIE2-polyA	be675bf2-2cd1-4024-976b-fde20709f652	89.706	122	2	5	130	1	130	68115	40212	40341	2.65e-38
OpIE2-polyA	1d70bbe9-8167-44eb-80b1-85a7a660b40b	100.000	128	0	0	130	1	128	10639	9108	8981	1.54e-60
OpIE2-polyA	1d70bbe9-8167-44eb-80b1-85a7a660b40b	96.970	128	2	1	130	1	130	10639	822	953	1.55e-55
OpIE2-polyA	1d70bbe9-8167-44eb-80b1-85a7a660b40b	90.826	99	6	2	130	6	113	10639	5912	5807	3.45e-32
OpIE2-polyA	3f45d9df-7978-490a-9618-46158c0fd1ec	100.000	128	0	0	130	1	128	30296	19209	19082	1.54e-60
OpIE2-polyA	3f45d9df-7978-490a-9618-46158c0fd1ec	99.237	130	0	1	130	1	130	30296	1547	1677	5.53e-60
OpIE2-polyA	3f45d9df-7978-490a-9618-46158c0fd1ec	100.000	127	0	0	130	4	130	30296	3165	3291	5.53e-60
OpIE2-polyA	3f45d9df-7978-490a-9618-46158c0fd1ec	98.462	128	1	1	130	1	130	30296	9618	9746	9.26e-58
OpIE2-polyA	3f45d9df-7978-490a-9618-46158c0fd1ec	99.206	125	0	1	130	1	125	30296	26594	26469	3.33e-57
OpIE2-polyA	3f45d9df-7978-490a-9618-46158c0fd1ec	98.425	125	0	2	130	1	126	30296	23215	23090	4.31e-56
OpIE2-polyA	3f45d9df-7978-490a-9618-46158c0fd1ec	97.692	127	0	3	130	1	130	30296	15822	15696	1.55e-55
OpIE2-polyA	7b225e62-af07-45b9-8fbd-1bbb473b293d	100.000	128	0	0	130	1	128	2554	711	584	1.54e-60
OpIE2-polyA	e37165b0-4f4a-4226-812f-a4f215e46278	100.000	128	0	0	130	1	128	45850	19152	19025	1.54e-60
OpIE2-polyA	e37165b0-4f4a-4226-812f-a4f215e46278	100.000	127	0	0	130	4	130	45850	17553	17427	5.53e-60
OpIE2-polyA	e37165b0-4f4a-4226-812f-a4f215e46278	99.231	129	0	1	130	1	130	45850	11470	11342	1.99e-59
OpIE2-polyA	e37165b0-4f4a-4226-812f-a4f215e46278	99.213	126	0	1	130	4	130	45850	9870	9745	9.26e-58
OpIE2-polyA	e37165b0-4f4a-4226-812f-a4f215e46278	97.656	125	2	1	130	1	127	45850	3462	3335	5.57e-55
OpIE2-polyA	e37165b0-4f4a-4226-812f-a4f215e46278	99.029	102	0	1	130	1	103	45850	33762	33863	2.03e-44
OpIE2-polyA	e37165b0-4f4a-4226-812f-a4f215e46278	94.595	105	2	2	130	22	130	45850	28216	28108	5.69e-40
OpIE2-polyA	a504fc47-99f8-41ff-abf5-2bd31f82fbbe	100.000	127	0	0	130	4	130	70138	4168	4042	5.53e-60
OpIE2-polyA	a504fc47-99f8-41ff-abf5-2bd31f82fbbe	99.231	129	0	1	130	1	130	70138	13424	13296	1.99e-59
OpIE2-polyA	a504fc47-99f8-41ff-abf5-2bd31f82fbbe	94.615	123	3	3	130	1	130	70138	5774	5649	7.26e-49
OpIE2-polyA	a504fc47-99f8-41ff-abf5-2bd31f82fbbe	97.436	114	2	1	130	4	119	70138	11819	11703	7.26e-49
OpIE2-polyA	a504fc47-99f8-41ff-abf5-2bd31f82fbbe	100.000	107	0	0	130	22	128	70138	22477	22371	7.26e-49
OpIE2-polyA	a504fc47-99f8-41ff-abf5-2bd31f82fbbe	98.077	102	1	1	130	1	103	70138	28103	28206	2.63e-43
OpIE2-polyA	52f79d40-3725-4363-89fa-b680bab095af	99.231	129	1	0	130	1	130	8147	5811	5682	5.53e-60
OpIE2-polyA	89e3e169-6468-4ce2-bdd5-e6cc60b9084a	99.237	130	0	1	130	1	130	40549	15093	14963	5.53e-60
OpIE2-polyA	89e3e169-6468-4ce2-bdd5-e6cc60b9084a	98.462	128	0	1	130	1	130	40549	28729	28602	9.26e-58
OpIE2-polyA	89e3e169-6468-4ce2-bdd5-e6cc60b9084a	100.000	117	0	0	130	14	130	40549	38857	38741	2.00e-54
OpIE2-polyA	89e3e169-6468-4ce2-bdd5-e6cc60b9084a	96.154	125	2	2	130	1	130	40549	9058	8932	3.35e-52
OpIE2-polyA	89e3e169-6468-4ce2-bdd5-e6cc60b9084a	94.656	124	3	2	130	1	130	40549	33375	33502	2.02e-49
OpIE2-polyA	91a8424f-4dab-4f5e-b2a4-674eb69351cc	99.237	130	0	1	130	1	130	27986	976	1106	5.53e-60
OpIE2-polyA	91a8424f-4dab-4f5e-b2a4-674eb69351cc	97.638	124	0	1	130	1	124	27986	7068	7194	7.21e-54
OpIE2-polyA	91a8424f-4dab-4f5e-b2a4-674eb69351cc	95.420	125	1	3	130	1	130	27986	22401	22527	1.56e-50
OpIE2-polyA	b964bb1a-4809-46b8-906a-7035bcc8fe87	99.231	129	1	0	130	1	130	40690	35232	35361	5.53e-60
OpIE2-polyA	b964bb1a-4809-46b8-906a-7035bcc8fe87	98.462	128	0	1	130	1	130	40690	2251	2378	9.26e-58
OpIE2-polyA	b964bb1a-4809-46b8-906a-7035bcc8fe87	97.727	129	0	2	130	1	130	40690	5590	5720	1.20e-56
OpIE2-polyA	b964bb1a-4809-46b8-906a-7035bcc8fe87	97.638	124	2	1	130	4	130	40690	26857	26732	2.00e-54
OpIE2-polyA	b964bb1a-4809-46b8-906a-7035bcc8fe87	96.183	126	1	3	130	1	130	40690	11222	11349	9.32e-53
OpIE2-polyA	b964bb1a-4809-46b8-906a-7035bcc8fe87	90.909	120	5	6	130	2	130	40690	32872	32745	1.58e-40
OpIE2-polyA	b964bb1a-4809-46b8-906a-7035bcc8fe87	89.147	115	4	7	130	1	127	40690	18015	18135	5.73e-35
OpIE2-polyA	9e63baac-2530-4a04-ba76-d6509c2fcef8	99.237	130	0	1	130	1	130	70896	11248	11378	5.53e-60
OpIE2-polyA	9e63baac-2530-4a04-ba76-d6509c2fcef8	99.237	130	0	1	130	1	130	70896	44997	45127	5.53e-60
OpIE2-polyA	9e63baac-2530-4a04-ba76-d6509c2fcef8	98.485	130	0	2	130	1	130	70896	18609	18478	7.16e-59
OpIE2-polyA	9e63baac-2530-4a04-ba76-d6509c2fcef8	100.000	121	0	0	130	6	126	70896	15892	15772	1.20e-56
OpIE2-polyA	9e63baac-2530-4a04-ba76-d6509c2fcef8	97.710	128	0	2	130	1	130	70896	27921	27793	4.31e-56
OpIE2-polyA	9e63baac-2530-4a04-ba76-d6509c2fcef8	97.692	127	0	1	130	1	130	70896	58483	58357	1.55e-55
OpIE2-polyA	9e63baac-2530-4a04-ba76-d6509c2fcef8	97.674	126	0	2	130	1	126	70896	5177	5305	5.57e-55
OpIE2-polyA	9e63baac-2530-4a04-ba76-d6509c2fcef8	96.947	127	0	2	130	1	130	70896	52324	52451	2.00e-54
OpIE2-polyA	9e63baac-2530-4a04-ba76-d6509c2fcef8	96.923	126	0	2	130	1	130	70896	48979	49104	7.21e-54
OpIE2-polyA	9e63baac-2530-4a04-ba76-d6509c2fcef8	95.489	127	2	3	130	1	130	70896	67456	67587	3.35e-52
OpIE2-polyA	9e63baac-2530-4a04-ba76-d6509c2fcef8	98.291	115	0	1	130	5	119	70896	33988	33872	1.56e-50
OpIE2-polyA	9e63baac-2530-4a04-ba76-d6509c2fcef8	87.500	112	7	6	130	1	123	70896	36587	36710	4.46e-31
OpIE2-polyA	e65e6308-03d6-47ad-a1d3-f788b0e19115	99.231	129	1	0	130	1	130	16928	5027	4898	5.53e-60
OpIE2-polyA	e65e6308-03d6-47ad-a1d3-f788b0e19115	99.231	129	0	1	130	1	130	16928	8375	8247	1.99e-59
OpIE2-polyA	e65e6308-03d6-47ad-a1d3-f788b0e19115	97.692	127	1	2	130	1	130	16928	14410	14283	4.31e-56
OpIE2-polyA	e65e6308-03d6-47ad-a1d3-f788b0e19115	96.825	122	2	1	130	1	124	16928	1057	932	3.35e-52
OpIE2-polyA	bcf9bf08-a480-447b-b136-7cbc756ed2b8	99.237	130	0	1	130	1	130	22717	20760	20890	5.53e-60
OpIE2-polyA	bcf9bf08-a480-447b-b136-7cbc756ed2b8	96.970	128	2	1	130	1	130	22717	10060	10191	1.55e-55
OpIE2-polyA	bcf9bf08-a480-447b-b136-7cbc756ed2b8	98.374	121	1	1	130	1	123	22717	13432	13553	7.21e-54
OpIE2-polyA	bcf9bf08-a480-447b-b136-7cbc756ed2b8	96.183	126	3	2	130	1	130	22717	1474	1345	2.59e-53
OpIE2-polyA	bcf9bf08-a480-447b-b136-7cbc756ed2b8	91.729	122	4	4	130	1	130	22717	17414	17542	9.46e-43
OpIE2-polyA	c416e302-ed96-438e-b5c0-d510c716e55a	99.231	129	1	0	130	1	130	14240	11785	11914	5.53e-60
OpIE2-polyA	c416e302-ed96-438e-b5c0-d510c716e55a	96.154	125	5	0	130	1	130	14240	5709	5838	2.59e-53
OpIE2-polyA	d67ef7bd-3eae-4e0e-bfbe-3c6246806082	99.237	130	0	1	130	1	130	21070	15906	16036	5.53e-60
OpIE2-polyA	d67ef7bd-3eae-4e0e-bfbe-3c6246806082	99.231	129	0	1	130	1	130	21070	18663	18791	1.99e-59
OpIE2-polyA	b73482bb-b0ba-4000-ad11-bd12e1321f2f	99.237	130	0	1	130	1	130	48084	35740	35870	5.53e-60
OpIE2-polyA	b73482bb-b0ba-4000-ad11-bd12e1321f2f	100.000	126	0	0	130	1	126	48084	2850	2975	1.99e-59
OpIE2-polyA	b73482bb-b0ba-4000-ad11-bd12e1321f2f	96.992	129	0	3	130	1	130	48084	39077	39208	1.55e-55
OpIE2-polyA	b73482bb-b0ba-4000-ad11-bd12e1321f2f	96.970	128	0	3	130	1	130	48084	29663	29792	5.57e-55
OpIE2-polyA	b73482bb-b0ba-4000-ad11-bd12e1321f2f	96.875	124	0	3	130	1	127	48084	42449	42573	9.32e-53
OpIE2-polyA	b73482bb-b0ba-4000-ad11-bd12e1321f2f	95.902	117	0	3	130	1	121	48084	27122	27005	3.38e-47
OpIE2-polyA	b73482bb-b0ba-4000-ad11-bd12e1321f2f	91.667	121	9	2	130	1	130	48084	11710	11579	7.31e-44
OpIE2-polyA	b73482bb-b0ba-4000-ad11-bd12e1321f2f	90.476	114	6	6	130	8	130	48084	20162	20284	9.52e-38
OpIE2-polyA	a28e27ef-8fe7-41e7-b7af-f8dac36304b0	100.000	127	0	0	130	4	130	41592	19108	18982	5.53e-60
OpIE2-polyA	a28e27ef-8fe7-41e7-b7af-f8dac36304b0	99.231	129	0	1	130	1	130	41592	5066	4938	1.99e-59
OpIE2-polyA	a28e27ef-8fe7-41e7-b7af-f8dac36304b0	99.206	125	1	0	130	1	126	41592	13061	12936	9.26e-58
OpIE2-polyA	a28e27ef-8fe7-41e7-b7af-f8dac36304b0	96.923	126	1	2	130	1	130	41592	20718	20592	7.21e-54
OpIE2-polyA	a28e27ef-8fe7-41e7-b7af-f8dac36304b0	98.291	115	0	1	130	4	120	41592	11467	11353	1.56e-50
OpIE2-polyA	a28e27ef-8fe7-41e7-b7af-f8dac36304b0	98.182	108	0	2	130	22	130	41592	29770	29662	1.21e-46
OpIE2-polyA	a28e27ef-8fe7-41e7-b7af-f8dac36304b0	97.895	93	0	2	130	9	103	41592	35343	35435	2.65e-38
OpIE2-polyA	15c093cd-2172-43c2-83d5-ed6ece824af4	100.000	127	0	0	130	4	130	22118	4162	4036	5.53e-60
OpIE2-polyA	15c093cd-2172-43c2-83d5-ed6ece824af4	97.619	123	1	2	130	1	126	22118	5767	5644	7.21e-54
OpIE2-polyA	15c093cd-2172-43c2-83d5-ed6ece824af4	96.226	102	1	2	130	1	103	22118	20355	20460	1.58e-40
OpIE2-polyA	15c093cd-2172-43c2-83d5-ed6ece824af4	92.661	101	1	5	130	22	126	22118	14756	14651	2.06e-34
OpIE2-polyA	011f345c-cd9f-42af-8e5f-5ec4b95b90a5	100.000	126	0	0	130	5	130	40918	17966	17841	1.99e-59
OpIE2-polyA	011f345c-cd9f-42af-8e5f-5ec4b95b90a5	99.231	129	0	1	130	1	130	40918	25046	25174	1.99e-59
OpIE2-polyA	011f345c-cd9f-42af-8e5f-5ec4b95b90a5	98.485	130	0	1	130	1	130	40918	12911	12780	7.16e-59
OpIE2-polyA	011f345c-cd9f-42af-8e5f-5ec4b95b90a5	97.692	127	1	2	130	1	130	40918	28422	28549	4.31e-56
OpIE2-polyA	011f345c-cd9f-42af-8e5f-5ec4b95b90a5	96.992	129	1	2	130	1	130	40918	2899	3031	1.55e-55
OpIE2-polyA	011f345c-cd9f-42af-8e5f-5ec4b95b90a5	97.692	127	0	1	130	1	130	40918	35232	35358	1.55e-55
OpIE2-polyA	70fa22ea-677b-43b5-9e70-22cd82e33d0d	99.231	129	0	1	130	1	130	65100	30385	30513	1.99e-59
OpIE2-polyA	70fa22ea-677b-43b5-9e70-22cd82e33d0d	100.000	124	0	0	130	7	130	65100	45442	45319	2.57e-58
OpIE2-polyA	70fa22ea-677b-43b5-9e70-22cd82e33d0d	98.462	128	0	1	130	1	130	65100	27957	27830	9.26e-58
OpIE2-polyA	70fa22ea-677b-43b5-9e70-22cd82e33d0d	98.462	128	1	1	130	1	130	65100	36761	36889	9.26e-58
OpIE2-polyA	70fa22ea-677b-43b5-9e70-22cd82e33d0d	97.710	128	2	1	130	1	130	65100	55544	55414	1.20e-56
OpIE2-polyA	70fa22ea-677b-43b5-9e70-22cd82e33d0d	96.970	128	0	3	130	1	130	65100	52229	52100	5.57e-55
OpIE2-polyA	70fa22ea-677b-43b5-9e70-22cd82e33d0d	96.947	127	0	3	130	1	130	65100	12447	12320	2.00e-54
OpIE2-polyA	70fa22ea-677b-43b5-9e70-22cd82e33d0d	96.947	127	0	2	130	1	130	65100	62468	62595	2.00e-54
OpIE2-polyA	70fa22ea-677b-43b5-9e70-22cd82e33d0d	97.619	123	2	1	130	1	126	65100	9114	8990	7.21e-54
OpIE2-polyA	70fa22ea-677b-43b5-9e70-22cd82e33d0d	96.183	126	4	1	130	1	130	65100	18501	18371	2.59e-53
OpIE2-polyA	70fa22ea-677b-43b5-9e70-22cd82e33d0d	91.473	118	6	5	130	1	126	65100	696	822	4.40e-41
OpIE2-polyA	70fa22ea-677b-43b5-9e70-22cd82e33d0d	96.154	100	2	2	130	2	105	65100	5817	5716	5.69e-40
OpIE2-polyA	c94cf65f-1375-4a2f-bcb5-306720295d5d	99.231	129	0	1	130	1	130	14277	11133	11261	1.99e-59
OpIE2-polyA	c94cf65f-1375-4a2f-bcb5-306720295d5d	98.387	122	0	1	130	7	130	14277	1732	1853	2.00e-54
OpIE2-polyA	c94cf65f-1375-4a2f-bcb5-306720295d5d	100.000	116	0	0	130	1	116	14277	7791	7906	7.21e-54
OpIE2-polyA	40b5d2f4-03aa-47ab-b15d-82df5b2b923a	99.231	129	0	1	130	1	130	2821	2474	2346	1.99e-59
OpIE2-polyA	692611a3-89e1-4b9d-90cb-0b739d6797a8	99.231	129	0	1	130	1	130	87841	42440	42568	1.99e-59
OpIE2-polyA	692611a3-89e1-4b9d-90cb-0b739d6797a8	99.231	129	0	1	130	1	130	87841	60066	60194	1.99e-59
OpIE2-polyA	692611a3-89e1-4b9d-90cb-0b739d6797a8	99.231	129	0	1	130	1	130	87841	82298	82426	1.99e-59
OpIE2-polyA	692611a3-89e1-4b9d-90cb-0b739d6797a8	98.485	130	0	1	130	1	130	87841	29996	30127	7.16e-59
OpIE2-polyA	692611a3-89e1-4b9d-90cb-0b739d6797a8	98.473	129	0	2	130	1	130	87841	35617	35746	2.57e-58
OpIE2-polyA	692611a3-89e1-4b9d-90cb-0b739d6797a8	98.462	128	0	2	130	1	130	87841	19565	19438	9.26e-58
OpIE2-polyA	692611a3-89e1-4b9d-90cb-0b739d6797a8	98.462	128	1	1	130	1	130	87841	57676	57548	9.26e-58
OpIE2-polyA	692611a3-89e1-4b9d-90cb-0b739d6797a8	98.462	128	0	1	130	1	130	87841	75593	75720	9.26e-58
OpIE2-polyA	692611a3-89e1-4b9d-90cb-0b739d6797a8	98.438	126	0	2	130	1	126	87841	51296	51169	1.20e-56
OpIE2-polyA	692611a3-89e1-4b9d-90cb-0b739d6797a8	98.413	124	2	0	130	1	126	87841	67027	66902	4.31e-56
OpIE2-polyA	692611a3-89e1-4b9d-90cb-0b739d6797a8	96.923	126	3	1	130	1	130	87841	10129	10001	2.00e-54
OpIE2-polyA	692611a3-89e1-4b9d-90cb-0b739d6797a8	96.947	127	1	2	130	1	130	87841	69568	69696	2.00e-54
OpIE2-polyA	692611a3-89e1-4b9d-90cb-0b739d6797a8	95.312	122	2	4	130	1	125	87841	4695	4821	2.02e-49
OpIE2-polyA	692611a3-89e1-4b9d-90cb-0b739d6797a8	95.161	118	1	3	130	8	130	87841	26660	26779	1.21e-46
OpIE2-polyA	692611a3-89e1-4b9d-90cb-0b739d6797a8	96.330	105	1	3	130	1	107	87841	78938	79045	3.40e-42
OpIE2-polyA	692611a3-89e1-4b9d-90cb-0b739d6797a8	96.296	104	1	2	130	26	130	87841	114	7	1.22e-41
OpIE2-polyA	692611a3-89e1-4b9d-90cb-0b739d6797a8	91.538	119	3	5	130	1	130	87841	14607	14486	4.40e-41
OpIE2-polyA	67c16c2d-9dfd-4ef4-affd-1cd4d228ae0d	100.000	126	0	0	130	1	126	9663	3372	3247	1.99e-59
OpIE2-polyA	67c16c2d-9dfd-4ef4-affd-1cd4d228ae0d	93.182	123	5	4	130	1	130	9663	7928	8057	1.21e-46
OpIE2-polyA	e80e5585-180b-4185-8f0c-9c7db1385d34	99.231	129	0	1	130	1	130	7698	3113	3241	1.99e-59
OpIE2-polyA	3d0a5b6d-d0cb-43a0-ab89-520f01ac31ca	100.000	125	0	0	130	1	125	7519	3685	3809	7.16e-59
OpIE2-polyA	3d0a5b6d-d0cb-43a0-ab89-520f01ac31ca	92.126	117	2	2	130	4	130	7519	4148	4030	4.40e-41
OpIE2-polyA	52acc87d-00d9-49d2-ba8a-c0025ea5d3fb	98.485	130	0	1	130	1	130	5911	583	452	7.16e-59
OpIE2-polyA	05123ea9-42d2-4823-a01f-cf9ac3f84414	99.225	128	0	1	130	1	129	39523	6991	7118	7.16e-59
OpIE2-polyA	05123ea9-42d2-4823-a01f-cf9ac3f84414	99.213	126	1	0	130	4	130	39523	926	1052	2.57e-58
OpIE2-polyA	05123ea9-42d2-4823-a01f-cf9ac3f84414	97.744	130	0	1	130	1	130	39523	21204	21072	3.33e-57
OpIE2-polyA	05123ea9-42d2-4823-a01f-cf9ac3f84414	96.183	126	2	3	130	1	130	39523	24539	24411	9.32e-53
OpIE2-polyA	05123ea9-42d2-4823-a01f-cf9ac3f84414	96.094	123	2	3	130	1	126	39523	37862	37736	4.34e-51
OpIE2-polyA	05123ea9-42d2-4823-a01f-cf9ac3f84414	94.776	127	1	5	130	1	130	39523	31831	31700	1.56e-50
OpIE2-polyA	05123ea9-42d2-4823-a01f-cf9ac3f84414	96.460	109	2	2	130	1	112	39523	15027	15138	5.65e-45
OpIE2-polyA	05123ea9-42d2-4823-a01f-cf9ac3f84414	90.984	111	9	2	130	1	120	39523	28476	28355	2.65e-38
OpIE2-polyA	6e666049-74f5-4cc8-83f9-e381d09f53b1	98.485	130	0	1	130	1	130	12116	9312	9181	7.16e-59
OpIE2-polyA	6e666049-74f5-4cc8-83f9-e381d09f53b1	98.413	124	0	2	130	5	130	12116	976	1099	1.55e-55
OpIE2-polyA	6e666049-74f5-4cc8-83f9-e381d09f53b1	95.798	114	1	3	130	1	116	12116	6028	5911	4.37e-46
OpIE2-polyA	5c7a89d4-816c-4079-a757-5db85f7bff41	100.000	125	0	0	130	1	125	41242	3648	3524	7.16e-59
OpIE2-polyA	5c7a89d4-816c-4079-a757-5db85f7bff41	98.485	130	0	2	130	1	130	41242	11303	11172	7.16e-59
OpIE2-polyA	5c7a89d4-816c-4079-a757-5db85f7bff41	98.438	126	1	1	130	4	130	41242	9716	9589	1.20e-56
OpIE2-polyA	5c7a89d4-816c-4079-a757-5db85f7bff41	100.000	109	0	0	130	4	112	41242	2049	1941	5.61e-50
OpIE2-polyA	5c7a89d4-816c-4079-a757-5db85f7bff41	97.087	100	1	1	130	1	103	41242	25797	25897	4.40e-41
OpIE2-polyA	5c7a89d4-816c-4079-a757-5db85f7bff41	95.413	104	2	2	130	22	130	41242	20354	20249	1.58e-40
OpIE2-polyA	6e56b20c-bfbf-4aaf-b115-5809e792b6b0	98.473	129	1	1	130	1	130	28943	25391	25261	2.57e-58
OpIE2-polyA	6e56b20c-bfbf-4aaf-b115-5809e792b6b0	96.992	129	0	3	130	1	130	28943	9806	9937	1.55e-55
OpIE2-polyA	6e56b20c-bfbf-4aaf-b115-5809e792b6b0	97.674	126	1	2	130	1	127	28943	18619	18491	1.55e-55
OpIE2-polyA	6e56b20c-bfbf-4aaf-b115-5809e792b6b0	95.489	127	2	4	130	1	130	28943	1036	905	3.35e-52
OpIE2-polyA	6e56b20c-bfbf-4aaf-b115-5809e792b6b0	94.697	125	4	3	130	1	130	28943	3448	3578	5.61e-50
OpIE2-polyA	6537d7ab-d33f-41e0-80fd-fe9f93f95200	98.473	129	1	1	130	1	130	25333	1285	1415	2.57e-58
OpIE2-polyA	6537d7ab-d33f-41e0-80fd-fe9f93f95200	99.206	125	0	1	130	1	126	25333	19198	19074	3.33e-57
OpIE2-polyA	6537d7ab-d33f-41e0-80fd-fe9f93f95200	96.923	126	0	2	130	1	126	25333	9862	9733	7.21e-54
OpIE2-polyA	6537d7ab-d33f-41e0-80fd-fe9f93f95200	96.212	127	2	2	130	1	130	25333	6519	6389	2.59e-53
OpIE2-polyA	6537d7ab-d33f-41e0-80fd-fe9f93f95200	96.154	125	2	3	130	1	130	25333	13115	12989	3.35e-52
OpIE2-polyA	6537d7ab-d33f-41e0-80fd-fe9f93f95200	91.667	110	3	3	130	11	130	25333	21567	21679	3.43e-37
OpIE2-polyA	9462edd4-5a3c-4e08-99b5-e269ccebd716	98.462	128	2	0	130	1	130	48968	16168	16039	2.57e-58
OpIE2-polyA	9462edd4-5a3c-4e08-99b5-e269ccebd716	98.425	125	1	1	130	4	130	48968	3632	3757	4.31e-56
OpIE2-polyA	9462edd4-5a3c-4e08-99b5-e269ccebd716	97.656	125	2	1	130	1	128	48968	35646	35772	5.57e-55
OpIE2-polyA	9462edd4-5a3c-4e08-99b5-e269ccebd716	99.174	120	0	1	130	1	120	48968	23481	23361	2.00e-54
OpIE2-polyA	9462edd4-5a3c-4e08-99b5-e269ccebd716	96.183	126	3	2	130	1	130	48968	32884	32755	2.59e-53
OpIE2-polyA	9462edd4-5a3c-4e08-99b5-e269ccebd716	96.154	125	2	2	130	1	130	48968	10032	10158	3.35e-52
OpIE2-polyA	9462edd4-5a3c-4e08-99b5-e269ccebd716	95.455	126	1	5	130	1	130	48968	19523	19395	4.34e-51
OpIE2-polyA	9462edd4-5a3c-4e08-99b5-e269ccebd716	95.868	116	0	2	130	6	121	48968	2025	2145	1.21e-46
OpIE2-polyA	9462edd4-5a3c-4e08-99b5-e269ccebd716	91.667	121	4	5	130	1	130	48968	26823	26697	3.40e-42
OpIE2-polyA	9462edd4-5a3c-4e08-99b5-e269ccebd716	89.683	113	7	6	130	7	130	48968	41143	41264	4.43e-36
OpIE2-polyA	7a23da46-ed8a-4d47-8f1f-5c30983a310f	98.473	129	0	2	130	1	130	31087	14980	15109	2.57e-58
OpIE2-polyA	7a23da46-ed8a-4d47-8f1f-5c30983a310f	98.425	125	0	2	130	1	126	31087	20580	20705	4.31e-56
OpIE2-polyA	7a23da46-ed8a-4d47-8f1f-5c30983a310f	95.489	127	1	3	130	1	130	31087	11631	11761	1.21e-51
OpIE2-polyA	7a23da46-ed8a-4d47-8f1f-5c30983a310f	93.023	120	3	4	130	1	126	31087	4568	4443	2.03e-44
OpIE2-polyA	7a23da46-ed8a-4d47-8f1f-5c30983a310f	98.039	100	0	1	130	1	100	31087	27350	27451	3.40e-42
OpIE2-polyA	88ac168f-6ef2-41fe-8331-6f7316ff83bf	99.219	127	0	1	130	4	130	31221	12573	12446	2.57e-58
OpIE2-polyA	88ac168f-6ef2-41fe-8331-6f7316ff83bf	98.462	128	0	1	130	1	130	31221	5913	5786	9.26e-58
OpIE2-polyA	88ac168f-6ef2-41fe-8331-6f7316ff83bf	98.462	128	0	2	130	1	130	31221	9201	9074	9.26e-58
OpIE2-polyA	88ac168f-6ef2-41fe-8331-6f7316ff83bf	97.581	121	2	1	130	1	123	31221	724	847	9.32e-53
OpIE2-polyA	88ac168f-6ef2-41fe-8331-6f7316ff83bf	95.420	125	2	4	130	1	130	31221	30375	30502	4.34e-51
OpIE2-polyA	88ac168f-6ef2-41fe-8331-6f7316ff83bf	95.385	124	3	2	130	1	130	31221	18635	18509	1.56e-50
OpIE2-polyA	88ac168f-6ef2-41fe-8331-6f7316ff83bf	94.615	123	3	4	130	1	130	31221	27991	27866	7.26e-49
OpIE2-polyA	1840cab9-5c18-4f12-aeed-d2dafdef9f85	98.462	128	1	1	130	1	130	32943	18708	18580	9.26e-58
OpIE2-polyA	1840cab9-5c18-4f12-aeed-d2dafdef9f85	97.692	127	1	1	130	1	130	32943	5259	5386	4.31e-56
OpIE2-polyA	1840cab9-5c18-4f12-aeed-d2dafdef9f85	97.692	127	1	1	130	1	130	32943	22061	21934	4.31e-56
OpIE2-polyA	1840cab9-5c18-4f12-aeed-d2dafdef9f85	96.947	127	3	1	130	1	130	32943	14720	14590	5.57e-55
OpIE2-polyA	1840cab9-5c18-4f12-aeed-d2dafdef9f85	96.063	122	1	3	130	1	126	32943	11386	11263	1.56e-50
OpIE2-polyA	1840cab9-5c18-4f12-aeed-d2dafdef9f85	93.846	122	5	1	130	1	130	32943	28112	27986	3.38e-47
OpIE2-polyA	1840cab9-5c18-4f12-aeed-d2dafdef9f85	89.286	125	3	6	130	1	129	32943	30851	30989	7.36e-39
OpIE2-polyA	6800e27d-8ee1-4176-a367-962c5ef37e8b	98.462	128	1	1	130	1	130	13003	1283	1411	9.26e-58
OpIE2-polyA	6800e27d-8ee1-4176-a367-962c5ef37e8b	94.656	124	4	3	130	1	130	13003	7358	7486	2.02e-49
OpIE2-polyA	6800e27d-8ee1-4176-a367-962c5ef37e8b	90.840	119	4	8	130	1	128	13003	11976	11851	5.69e-40
OpIE2-polyA	7ace19a2-765b-460b-bc87-62a2e8916dce	98.462	128	1	1	130	1	130	22550	19253	19381	9.26e-58
OpIE2-polyA	7ace19a2-765b-460b-bc87-62a2e8916dce	97.541	119	0	1	130	7	125	22550	1161	1040	4.34e-51
OpIE2-polyA	3e244a2c-6a17-4086-a4e3-c62bbd00cd7a	98.462	128	0	2	130	1	130	36026	4014	4141	9.26e-58
OpIE2-polyA	6ceac3dd-41b9-48d8-a810-30190807a2f2	98.462	128	0	1	130	1	130	26905	2094	1967	9.26e-58
OpIE2-polyA	6ceac3dd-41b9-48d8-a810-30190807a2f2	96.183	126	1	2	130	1	130	26905	23629	23502	9.32e-53
OpIE2-polyA	6ceac3dd-41b9-48d8-a810-30190807a2f2	93.651	118	4	3	130	1	126	26905	17540	17419	5.65e-45
OpIE2-polyA	03818b2d-c83d-43d2-939f-8588ec801f03	98.462	128	0	1	130	1	130	10412	5780	5907	9.26e-58
OpIE2-polyA	eca39981-d546-458b-9fbb-d7467119568e	98.462	128	1	1	130	1	130	1832	1285	1157	9.26e-58
OpIE2-polyA	599af909-8513-4867-94da-e4a3ac2596ec	97.744	130	0	1	130	1	130	12873	7336	7468	3.33e-57
OpIE2-polyA	599af909-8513-4867-94da-e4a3ac2596ec	97.692	127	2	1	130	1	130	12873	2680	2552	4.31e-56
OpIE2-polyA	771255f5-9029-4ddf-b1be-3814369336cb	98.450	127	1	1	130	1	129	71997	51467	51340	3.33e-57
OpIE2-polyA	771255f5-9029-4ddf-b1be-3814369336cb	96.154	125	1	2	130	1	130	71997	38425	38550	3.35e-52
OpIE2-polyA	771255f5-9029-4ddf-b1be-3814369336cb	94.815	128	1	5	130	1	130	71997	60674	60541	4.34e-51
OpIE2-polyA	771255f5-9029-4ddf-b1be-3814369336cb	96.774	120	1	2	130	1	121	71997	66745	66622	1.56e-50
OpIE2-polyA	771255f5-9029-4ddf-b1be-3814369336cb	93.443	114	2	5	130	1	121	71997	69493	69609	3.40e-42
OpIE2-polyA	771255f5-9029-4ddf-b1be-3814369336cb	92.920	105	6	2	130	1	112	71997	3417	3528	2.65e-38
OpIE2-polyA	771255f5-9029-4ddf-b1be-3814369336cb	93.043	107	3	4	130	1	110	71997	17209	17323	2.65e-38
OpIE2-polyA	771255f5-9029-4ddf-b1be-3814369336cb	91.892	102	4	4	130	23	130	71997	23256	23364	2.06e-34
OpIE2-polyA	6c7a7b70-4be9-4e7f-8dbb-d9d78d636e29	97.710	128	2	1	130	1	130	25730	12447	12317	1.20e-56
OpIE2-polyA	6c7a7b70-4be9-4e7f-8dbb-d9d78d636e29	95.556	129	1	3	130	1	130	25730	9087	8953	9.32e-53
OpIE2-polyA	6c7a7b70-4be9-4e7f-8dbb-d9d78d636e29	93.846	122	5	2	130	1	130	25730	18461	18335	3.38e-47
OpIE2-polyA	6c7a7b70-4be9-4e7f-8dbb-d9d78d636e29	96.364	106	3	1	130	1	109	25730	902	1011	2.63e-43
OpIE2-polyA	1f34e8db-d611-4414-9b6f-8d48c307a268	97.727	129	0	2	130	1	130	50865	41547	41677	1.20e-56
OpIE2-polyA	1f34e8db-d611-4414-9b6f-8d48c307a268	96.183	126	1	4	130	1	128	50865	10074	9945	9.32e-53
OpIE2-polyA	1f34e8db-d611-4414-9b6f-8d48c307a268	95.349	123	0	4	130	1	126	50865	19360	19235	2.02e-49
OpIE2-polyA	1f34e8db-d611-4414-9b6f-8d48c307a268	93.846	122	1	5	130	1	126	50865	44909	45035	4.37e-46
OpIE2-polyA	1f34e8db-d611-4414-9b6f-8d48c307a268	92.366	121	6	3	130	1	128	50865	34303	34432	2.03e-44
OpIE2-polyA	1f34e8db-d611-4414-9b6f-8d48c307a268	91.667	121	7	4	130	1	130	50865	28233	28362	2.63e-43
OpIE2-polyA	1f34e8db-d611-4414-9b6f-8d48c307a268	91.176	124	0	8	130	1	130	50865	2697	2826	1.22e-41
OpIE2-polyA	1f34e8db-d611-4414-9b6f-8d48c307a268	90.909	120	5	4	130	1	130	50865	25432	25306	1.58e-40
OpIE2-polyA	1f34e8db-d611-4414-9b6f-8d48c307a268	89.394	118	8	6	130	1	130	50865	7384	7257	9.52e-38
OpIE2-polyA	1f34e8db-d611-4414-9b6f-8d48c307a268	88.889	120	6	6	130	1	130	50865	37614	37744	1.23e-36
OpIE2-polyA	c612e747-a793-49ad-a32c-37fe4bec170a	97.727	129	0	2	130	1	130	62959	10961	11091	1.20e-56
OpIE2-polyA	c612e747-a793-49ad-a32c-37fe4bec170a	98.425	125	2	0	130	4	130	62959	34369	34243	1.20e-56
OpIE2-polyA	c612e747-a793-49ad-a32c-37fe4bec170a	96.296	130	0	2	130	1	130	62959	14337	14471	2.00e-54
OpIE2-polyA	c612e747-a793-49ad-a32c-37fe4bec170a	97.619	123	3	0	130	1	126	62959	35980	35855	2.00e-54
OpIE2-polyA	c612e747-a793-49ad-a32c-37fe4bec170a	96.154	125	4	1	130	1	130	62959	20501	20373	9.32e-53
OpIE2-polyA	c612e747-a793-49ad-a32c-37fe4bec170a	94.697	125	3	3	130	1	130	62959	3677	3806	5.61e-50
OpIE2-polyA	c612e747-a793-49ad-a32c-37fe4bec170a	93.893	123	3	4	130	1	130	62959	6989	7115	3.38e-47
OpIE2-polyA	c612e747-a793-49ad-a32c-37fe4bec170a	100.000	103	0	0	130	1	103	62959	50873	50975	1.21e-46
OpIE2-polyA	c612e747-a793-49ad-a32c-37fe4bec170a	100.000	98	0	0	130	22	119	62959	45002	44905	7.31e-44
OpIE2-polyA	c612e747-a793-49ad-a32c-37fe4bec170a	93.750	105	2	4	130	13	123	62959	26735	26628	2.65e-38
OpIE2-polyA	9d5744c0-b2e3-4e9a-8945-937b23a181cd	97.710	128	2	1	130	1	130	40055	35979	36109	1.20e-56
OpIE2-polyA	9d5744c0-b2e3-4e9a-8945-937b23a181cd	96.032	121	3	2	130	4	128	40055	24439	24315	1.56e-50
OpIE2-polyA	9d5744c0-b2e3-4e9a-8945-937b23a181cd	91.729	122	5	5	130	1	130	40055	39349	39478	2.63e-43
OpIE2-polyA	9d5744c0-b2e3-4e9a-8945-937b23a181cd	92.982	106	3	4	130	1	113	40055	255	364	9.52e-38
OpIE2-polyA	9d5744c0-b2e3-4e9a-8945-937b23a181cd	91.597	109	6	4	130	1	117	40055	15061	14945	9.52e-38
OpIE2-polyA	9d5744c0-b2e3-4e9a-8945-937b23a181cd	88.636	117	6	9	130	1	130	40055	17435	17559	5.73e-35
OpIE2-polyA	ff20c46f-329e-423a-9e53-8e3ca6407715	97.015	130	0	3	130	1	130	4335	2239	2106	4.31e-56
OpIE2-polyA	8ea7dd96-8299-41e1-8f2c-40a470f7d3b3	97.692	127	2	1	130	1	130	40185	39394	39522	4.31e-56
OpIE2-polyA	8ea7dd96-8299-41e1-8f2c-40a470f7d3b3	96.970	128	1	2	130	1	130	40185	18167	18297	5.57e-55
OpIE2-polyA	8ea7dd96-8299-41e1-8f2c-40a470f7d3b3	95.455	126	1	3	130	1	128	40185	4213	4343	4.34e-51
OpIE2-polyA	8ea7dd96-8299-41e1-8f2c-40a470f7d3b3	95.349	123	4	2	130	1	129	40185	24267	24393	1.56e-50
OpIE2-polyA	3727ce3d-2b0d-4d5d-9fab-95f681f6868f	99.194	123	0	1	130	8	130	26142	13414	13537	4.31e-56
OpIE2-polyA	3727ce3d-2b0d-4d5d-9fab-95f681f6868f	96.947	127	0	2	130	1	130	26142	16744	16871	2.00e-54
OpIE2-polyA	3727ce3d-2b0d-4d5d-9fab-95f681f6868f	96.825	122	4	0	130	1	126	26142	5047	4922	9.32e-53
OpIE2-polyA	3727ce3d-2b0d-4d5d-9fab-95f681f6868f	93.431	128	1	5	130	1	130	26142	20102	20237	2.61e-48
OpIE2-polyA	3727ce3d-2b0d-4d5d-9fab-95f681f6868f	94.656	124	0	5	130	1	130	26142	25218	25094	2.61e-48
OpIE2-polyA	3727ce3d-2b0d-4d5d-9fab-95f681f6868f	92.373	109	1	5	130	1	115	26142	7509	7621	9.52e-38
OpIE2-polyA	a767394f-cf93-4332-b26b-fd6ca8a11708	96.970	128	0	3	130	1	129	13788	11451	11581	5.57e-55
OpIE2-polyA	44fd9851-e353-4a19-9f55-fd30dcb819c6	98.400	123	0	1	130	8	130	46799	27884	28008	5.57e-55
OpIE2-polyA	44fd9851-e353-4a19-9f55-fd30dcb819c6	96.667	116	1	2	130	1	119	46799	15824	15707	2.61e-48
OpIE2-polyA	44fd9851-e353-4a19-9f55-fd30dcb819c6	93.233	124	3	4	130	1	130	46799	20911	20782	1.21e-46
OpIE2-polyA	44fd9851-e353-4a19-9f55-fd30dcb819c6	92.248	119	2	6	130	1	126	46799	31263	31386	3.40e-42
OpIE2-polyA	44fd9851-e353-4a19-9f55-fd30dcb819c6	90.152	119	3	6	130	1	130	46799	38106	38229	2.65e-38
OpIE2-polyA	0fd0479c-d806-483d-836b-715a6f0ca40e	96.970	128	1	2	130	1	130	21664	7292	7422	5.57e-55
OpIE2-polyA	0fd0479c-d806-483d-836b-715a6f0ca40e	100.000	116	0	0	130	1	116	21664	4556	4671	7.21e-54
OpIE2-polyA	0fd0479c-d806-483d-836b-715a6f0ca40e	96.063	122	0	3	130	1	126	21664	17726	17604	5.61e-50
OpIE2-polyA	0fd0479c-d806-483d-836b-715a6f0ca40e	93.023	120	5	3	130	2	130	21664	11832	11708	5.65e-45
OpIE2-polyA	b8fcbd39-bc38-4f2c-a334-c511b009f445	96.970	128	1	2	130	1	130	20664	10020	10150	5.57e-55
OpIE2-polyA	b8fcbd39-bc38-4f2c-a334-c511b009f445	96.183	126	0	2	130	1	126	20664	16099	16229	3.35e-52
OpIE2-polyA	e0ef486c-9739-47a7-856b-155cde50e66a	98.400	123	0	2	130	1	125	22599	2734	2612	5.57e-55
OpIE2-polyA	e0ef486c-9739-47a7-856b-155cde50e66a	96.241	128	0	3	130	1	130	22599	17788	17658	2.59e-53
OpIE2-polyA	ebc994cc-50d6-4d20-806c-e93cb9600be8	97.656	125	0	1	130	1	128	48069	2578	2702	2.00e-54
OpIE2-polyA	ebc994cc-50d6-4d20-806c-e93cb9600be8	96.923	126	0	3	130	1	130	48069	19960	20085	7.21e-54
OpIE2-polyA	ebc994cc-50d6-4d20-806c-e93cb9600be8	97.619	123	1	1	130	1	126	48069	26958	26835	7.21e-54
OpIE2-polyA	ebc994cc-50d6-4d20-806c-e93cb9600be8	95.455	126	1	4	130	1	130	48069	35453	35581	4.34e-51
OpIE2-polyA	ebc994cc-50d6-4d20-806c-e93cb9600be8	96.094	123	2	3	130	1	126	48069	42091	42217	4.34e-51
OpIE2-polyA	ebc994cc-50d6-4d20-806c-e93cb9600be8	96.063	122	1	3	130	1	124	48069	11376	11251	1.56e-50
OpIE2-polyA	ebc994cc-50d6-4d20-806c-e93cb9600be8	96.694	117	1	2	130	7	126	48069	47294	47176	7.26e-49
OpIE2-polyA	ebc994cc-50d6-4d20-806c-e93cb9600be8	93.651	118	2	5	130	1	121	48069	38751	38875	2.03e-44
OpIE2-polyA	ebc994cc-50d6-4d20-806c-e93cb9600be8	89.431	110	4	5	130	6	128	48069	17538	17425	2.67e-33
OpIE2-polyA	ebc994cc-50d6-4d20-806c-e93cb9600be8	87.500	119	2	6	130	1	128	48069	29488	29616	3.45e-32
OpIE2-polyA	2dc85a46-eb18-4920-8942-694b32c3b21c	96.923	126	2	2	130	1	130	16175	1908	1781	2.00e-54
OpIE2-polyA	b68a028d-c6da-4b77-953a-ddcab9d27611	97.619	123	3	0	130	1	126	19657	7808	7683	2.00e-54
OpIE2-polyA	b68a028d-c6da-4b77-953a-ddcab9d27611	96.923	126	3	1	130	1	130	19657	9268	9396	2.00e-54
OpIE2-polyA	b68a028d-c6da-4b77-953a-ddcab9d27611	97.619	123	2	1	130	1	126	19657	1098	974	7.21e-54
OpIE2-polyA	b68a028d-c6da-4b77-953a-ddcab9d27611	95.420	125	1	3	130	1	130	19657	18081	18207	1.56e-50
OpIE2-polyA	5d3962e8-ee6c-4264-b0e3-5e6b2922f8f7	96.947	127	1	2	130	1	130	57197	16879	17007	2.00e-54
OpIE2-polyA	5d3962e8-ee6c-4264-b0e3-5e6b2922f8f7	95.385	124	0	1	130	1	130	57197	37852	37975	5.61e-50
OpIE2-polyA	5d3962e8-ee6c-4264-b0e3-5e6b2922f8f7	93.651	118	4	3	130	7	130	57197	48414	48291	5.65e-45
OpIE2-polyA	5d3962e8-ee6c-4264-b0e3-5e6b2922f8f7	90.769	118	6	3	130	1	130	57197	3202	3325	5.69e-40
OpIE2-polyA	5d3962e8-ee6c-4264-b0e3-5e6b2922f8f7	90.769	118	3	6	130	1	126	57197	51037	50913	7.36e-39
OpIE2-polyA	5d3962e8-ee6c-4264-b0e3-5e6b2922f8f7	89.474	119	3	8	130	1	130	57197	43818	43942	1.23e-36
OpIE2-polyA	5d3962e8-ee6c-4264-b0e3-5e6b2922f8f7	87.023	114	8	6	130	1	129	57197	22809	22932	4.46e-31
OpIE2-polyA	7ea4894f-2a05-4783-9bf6-d8dbe390b2f5	96.923	126	0	2	130	1	129	45772	33735	33861	7.21e-54
OpIE2-polyA	7ea4894f-2a05-4783-9bf6-d8dbe390b2f5	94.737	126	2	4	130	1	130	45772	30371	30501	5.61e-50
OpIE2-polyA	7ea4894f-2a05-4783-9bf6-d8dbe390b2f5	93.939	124	6	2	130	1	130	45772	13833	13702	7.26e-49
OpIE2-polyA	7ea4894f-2a05-4783-9bf6-d8dbe390b2f5	95.276	121	3	3	130	1	126	45772	23335	23211	7.26e-49
OpIE2-polyA	7ea4894f-2a05-4783-9bf6-d8dbe390b2f5	94.574	122	4	3	130	1	128	45772	8336	8462	2.61e-48
OpIE2-polyA	7ea4894f-2a05-4783-9bf6-d8dbe390b2f5	92.248	119	1	5	130	1	126	45772	18308	18186	1.22e-41
OpIE2-polyA	7ea4894f-2a05-4783-9bf6-d8dbe390b2f5	88.462	115	9	6	130	1	126	45772	3732	3605	5.73e-35
OpIE2-polyA	7ea4894f-2a05-4783-9bf6-d8dbe390b2f5	87.313	117	10	5	130	1	130	45772	40518	40648	2.67e-33
OpIE2-polyA	82c198f9-3f84-480a-97b8-412096445ab4	96.212	127	1	4	130	1	130	14758	10427	10298	2.59e-53
OpIE2-polyA	82c198f9-3f84-480a-97b8-412096445ab4	95.385	124	5	1	130	1	130	14758	4351	4223	4.34e-51
OpIE2-polyA	05e6af22-7c7b-4f59-bb8d-9bee1ae9fd20	96.212	127	0	3	130	1	130	28951	17118	16990	9.32e-53
OpIE2-polyA	6530a75e-2d04-49f9-a958-1a2d6bd852a8	96.875	124	1	2	130	1	128	3997	2094	1970	9.32e-53
OpIE2-polyA	bfb55b2f-3e2e-43e2-9931-40fc4c0bf040	96.154	125	2	2	130	1	130	28909	11811	11937	3.35e-52
OpIE2-polyA	bfb55b2f-3e2e-43e2-9931-40fc4c0bf040	97.436	114	1	1	130	16	130	28909	24233	24117	7.26e-49
OpIE2-polyA	bfb55b2f-3e2e-43e2-9931-40fc4c0bf040	93.233	124	4	5	130	1	130	28909	4526	4656	1.21e-46
OpIE2-polyA	bfb55b2f-3e2e-43e2-9931-40fc4c0bf040	93.846	122	2	4	130	1	129	28909	8495	8619	1.21e-46
OpIE2-polyA	bfb55b2f-3e2e-43e2-9931-40fc4c0bf040	92.000	115	6	4	130	6	130	28909	25815	25695	4.40e-41
OpIE2-polyA	bfb55b2f-3e2e-43e2-9931-40fc4c0bf040	90.769	118	2	7	130	1	125	28909	1229	1353	7.36e-39
OpIE2-polyA	fffa3417-c7b9-4f29-8aae-94908e850f86	97.581	121	0	3	130	1	124	26661	10604	10484	3.35e-52
OpIE2-polyA	fffa3417-c7b9-4f29-8aae-94908e850f86	94.615	123	1	4	130	5	130	26661	17873	17746	2.61e-48
OpIE2-polyA	fffa3417-c7b9-4f29-8aae-94908e850f86	89.394	118	6	5	130	1	130	26661	4605	4730	3.43e-37
OpIE2-polyA	17f65784-12c5-41cd-b25d-84648d4f57e9	96.094	123	3	2	130	4	130	12443	7016	7142	1.21e-51
OpIE2-polyA	17f65784-12c5-41cd-b25d-84648d4f57e9	92.593	125	4	3	130	1	130	12443	5403	5536	4.37e-46
OpIE2-polyA	cb9be076-2d39-43d3-9941-4025cd3caaec	96.154	125	0	4	130	1	130	5711	1608	1732	1.21e-51
OpIE2-polyA	6f2c1f8b-cc84-4d56-a122-bb38b7886beb	94.815	128	1	4	130	1	130	14950	666	799	4.34e-51
OpIE2-polyA	6f2c1f8b-cc84-4d56-a122-bb38b7886beb	92.683	114	3	5	130	9	130	14950	5860	5977	4.40e-41
OpIE2-polyA	24f4ec95-85a7-4741-b561-45342338e1b0	95.385	124	1	3	130	1	130	29426	18453	18577	5.61e-50
OpIE2-polyA	e39336be-026b-4843-a90e-4eb1220d9d20	96.063	122	0	3	130	4	130	62342	23037	23158	5.61e-50
OpIE2-polyA	e39336be-026b-4843-a90e-4eb1220d9d20	93.939	124	3	5	130	1	130	62342	36826	36954	9.39e-48
OpIE2-polyA	e39336be-026b-4843-a90e-4eb1220d9d20	95.726	112	2	2	130	14	130	62342	42893	42780	5.65e-45
OpIE2-polyA	e39336be-026b-4843-a90e-4eb1220d9d20	98.913	91	0	1	130	12	103	62342	7145	7055	2.65e-38
OpIE2-polyA	e39336be-026b-4843-a90e-4eb1220d9d20	90.179	101	8	3	130	7	116	62342	28954	29064	3.45e-32
OpIE2-polyA	670349d6-e9e1-4cc6-94ca-960321f3bd51	94.697	125	0	5	130	1	126	5031	1816	1686	7.26e-49
OpIE2-polyA	747152ff-f7fd-4ea8-b215-07ed74ba91ef	99.091	109	0	1	130	22	130	59406	33926	33817	2.61e-48
OpIE2-polyA	747152ff-f7fd-4ea8-b215-07ed74ba91ef	99.029	102	0	1	130	1	103	59406	21350	21249	2.03e-44
OpIE2-polyA	747152ff-f7fd-4ea8-b215-07ed74ba91ef	96.842	92	0	1	130	22	116	59406	27373	27464	4.43e-36
OpIE2-polyA	1a1a59a1-500e-466a-96d6-42a8ae40e156	94.531	121	3	4	130	1	128	11537	9851	9728	9.39e-48
OpIE2-polyA	1a1a59a1-500e-466a-96d6-42a8ae40e156	93.103	108	3	4	130	1	115	11537	260	371	7.36e-39
OpIE2-polyA	5fd6b5fe-264c-421a-868c-8f3ac792510c	93.333	126	2	5	130	1	129	2888	2523	2656	3.38e-47
OpIE2-polyA	c64c4f23-8e33-44cd-ace4-750c031a9d04	93.284	125	3	4	130	1	130	8190	4785	4916	3.38e-47
OpIE2-polyA	5331fea0-0eed-48df-8087-55ac71d20e1e	100.000	103	0	0	130	1	103	8955	5778	5880	1.21e-46
OpIE2-polyA	2a7e0400-cb52-4437-b62c-bb681f27637f	100.000	103	0	0	130	1	103	38205	12926	13028	1.21e-46
OpIE2-polyA	2a7e0400-cb52-4437-b62c-bb681f27637f	99.057	105	0	1	130	22	126	38205	7350	7245	4.37e-46
OpIE2-polyA	351d1c7f-bcb2-477a-8d61-ee2131000b01	94.444	119	1	4	130	1	121	3076	483	359	4.37e-46
OpIE2-polyA	2737f491-9563-4e75-b667-9769c8a4d54e	93.077	121	3	4	130	1	130	15911	9914	10037	5.65e-45
OpIE2-polyA	2737f491-9563-4e75-b667-9769c8a4d54e	91.200	114	7	4	130	1	125	15911	3206	3326	2.05e-39
OpIE2-polyA	2f919487-367a-497f-b0b0-fcac60504db0	92.481	123	1	7	130	1	129	1289	377	504	7.31e-44
OpIE2-polyA	b8d1d862-48c3-4bcf-9f28-f309389562c3	94.872	111	2	3	130	1	117	6201	2026	1914	2.63e-43
OpIE2-polyA	c722696e-8f29-4051-964f-384277254b35	93.496	115	1	5	130	8	128	72604	14656	14773	3.40e-42
OpIE2-polyA	c722696e-8f29-4051-964f-384277254b35	91.453	107	2	7	130	19	130	72604	20600	20713	1.59e-35
OpIE2-polyA	c722696e-8f29-4051-964f-384277254b35	90.164	110	4	8	130	9	128	72604	1986	2101	5.73e-35
OpIE2-polyA	85a4b696-cccb-4d46-8a49-942153f164a7	91.538	119	5	4	130	1	130	21092	2681	2804	1.22e-41
OpIE2-polyA	85a4b696-cccb-4d46-8a49-942153f164a7	89.630	121	5	8	130	1	130	21092	13295	13165	2.65e-38
OpIE2-polyA	85a4b696-cccb-4d46-8a49-942153f164a7	91.667	110	5	4	130	10	128	21092	7279	7164	9.52e-38
OpIE2-polyA	85a4b696-cccb-4d46-8a49-942153f164a7	88.550	116	8	5	130	1	130	21092	17	141	5.73e-35
OpIE2-polyA	52355bac-6340-46a7-a881-6ebfe3ad31b7	90.769	118	8	4	130	1	130	13908	5776	5901	1.58e-40
OpIE2-polyA	8202a07f-f6f4-4de3-b2d4-ca86ab94fc6a	91.406	117	6	4	130	1	126	18494	15021	14897	1.58e-40
OpIE2-polyA	cf94dbe9-481c-4697-834d-5db994a5c59e	94.595	105	2	4	130	22	130	9817	5566	5674	5.69e-40
OpIE2-polyA	724fceed-9171-4acc-9eb0-307fd5def317	94.545	104	2	2	130	22	130	14798	7793	7687	2.05e-39
OpIE2-polyA	abff7559-34d6-4200-84b4-19f4c7ccc028	93.578	102	1	1	130	22	130	61691	53148	53250	1.23e-36
OpIE2-polyA	4b5aa7d1-0148-4b98-ad9c-be9dc586df0c	88.636	117	6	7	130	1	126	21185	11859	11731	5.73e-35
OpIE2-polyA	6dfc20b5-4102-43c9-9c85-e79532f8fc3b	96.739	89	0	3	130	6	95	71839	2927	3017	2.06e-34
