PvGapdh_promoter	51be8fc2-9807-4bbd-805a-00801bc3758e	99.385	1617	3	6	1624	1	1624	30019	10773	12395	0.0
PvGapdh_promoter	51be8fc2-9807-4bbd-805a-00801bc3758e	98.768	1604	4	9	1624	1	1622	30019	4602	6211	0.0
PvGapdh_promoter	51be8fc2-9807-4bbd-805a-00801bc3758e	98.347	1606	6	13	1624	1	1624	30019	1864	3484	0.0
PvGapdh_promoter	51be8fc2-9807-4bbd-805a-00801bc3758e	98.348	1607	3	15	1624	1	1624	30019	16304	17923	0.0
PvGapdh_promoter	51be8fc2-9807-4bbd-805a-00801bc3758e	98.220	1600	4	17	1624	1	1624	30019	26709	25101	0.0
PvGapdh_promoter	51be8fc2-9807-4bbd-805a-00801bc3758e	98.768	1283	2	9	1624	1	1292	30019	7010	8301	0.0
PvGapdh_promoter	51be8fc2-9807-4bbd-805a-00801bc3758e	99.291	840	2	3	1624	1	845	30019	13509	14351	0.0
PvGapdh_promoter	51be8fc2-9807-4bbd-805a-00801bc3758e	99.058	841	2	5	1624	1	848	30019	28643	27800	0.0
PvGapdh_promoter	51be8fc2-9807-4bbd-805a-00801bc3758e	98.937	838	0	7	1624	780	1624	30019	14354	15193	0.0
PvGapdh_promoter	51be8fc2-9807-4bbd-805a-00801bc3758e	97.344	843	4	13	1624	1	854	30019	21792	22650	0.0
PvGapdh_promoter	51be8fc2-9807-4bbd-805a-00801bc3758e	97.411	715	8	8	1624	895	1624	30019	8297	9023	0.0
PvGapdh_promoter	51be8fc2-9807-4bbd-805a-00801bc3758e	97.534	712	5	10	1624	1	728	30019	19668	20386	0.0
PvGapdh_promoter	51be8fc2-9807-4bbd-805a-00801bc3758e	97.106	671	6	7	1624	885	1572	30019	29330	30009	0.0
PvGapdh_promoter	51be8fc2-9807-4bbd-805a-00801bc3758e	95.742	697	5	19	1624	1	726	30019	23354	22651	0.0
PvGapdh_promoter	51be8fc2-9807-4bbd-805a-00801bc3758e	98.750	395	0	4	1624	960	1356	30019	20784	20387	0.0
PvGapdh_promoter	51be8fc2-9807-4bbd-805a-00801bc3758e	94.769	308	7	9	1624	1205	1524	30019	726	407	8.03e-138
PvGapdh_promoter	51be8fc2-9807-4bbd-805a-00801bc3758e	97.857	137	0	3	1624	1485	1624	30019	29332	29196	5.38e-60
PvGapdh_promoter	857abefd-d043-4814-a3a5-bd603f181012	99.020	1616	1	8	1624	1	1624	26344	23495	25119	0.0
PvGapdh_promoter	857abefd-d043-4814-a3a5-bd603f181012	98.098	1599	9	16	1624	1	1624	26344	13765	12152	0.0
PvGapdh_promoter	857abefd-d043-4814-a3a5-bd603f181012	97.979	1600	12	16	1624	1	1624	26344	19008	17388	0.0
PvGapdh_promoter	857abefd-d043-4814-a3a5-bd603f181012	97.169	1579	10	22	1624	10	1624	26344	5867	4269	0.0
PvGapdh_promoter	857abefd-d043-4814-a3a5-bd603f181012	95.953	1565	17	26	1624	1	1624	26344	10400	8812	0.0
PvGapdh_promoter	857abefd-d043-4814-a3a5-bd603f181012	95.186	1562	32	33	1624	1	1624	26344	8592	6982	0.0
PvGapdh_promoter	857abefd-d043-4814-a3a5-bd603f181012	98.391	856	1	8	1624	1	867	26344	15643	14784	0.0
PvGapdh_promoter	857abefd-d043-4814-a3a5-bd603f181012	98.472	838	1	6	1624	1	848	26344	21559	22400	0.0
PvGapdh_promoter	857abefd-d043-4814-a3a5-bd603f181012	98.920	733	3	4	1624	885	1624	26344	20869	20133	0.0
PvGapdh_promoter	857abefd-d043-4814-a3a5-bd603f181012	97.318	762	5	12	1624	1	771	26344	779	1	0.0
PvGapdh_promoter	857abefd-d043-4814-a3a5-bd603f181012	98.230	666	1	7	1624	949	1624	26344	2560	1892	0.0
PvGapdh_promoter	857abefd-d043-4814-a3a5-bd603f181012	97.163	137	1	2	1624	1485	1622	26344	20867	21007	6.95e-59
PvGapdh_promoter	20d84ecc-1f00-4c8c-8d58-9aa1ebaeaaa3	98.954	1609	4	9	1624	1	1624	41962	15977	17591	0.0
PvGapdh_promoter	20d84ecc-1f00-4c8c-8d58-9aa1ebaeaaa3	98.654	1613	2	13	1624	1	1624	41962	14136	15761	0.0
PvGapdh_promoter	20d84ecc-1f00-4c8c-8d58-9aa1ebaeaaa3	98.226	1606	4	14	1624	1	1624	41962	38001	39621	0.0
PvGapdh_promoter	20d84ecc-1f00-4c8c-8d58-9aa1ebaeaaa3	98.220	1600	9	14	1624	1	1624	41962	29910	31523	0.0
PvGapdh_promoter	20d84ecc-1f00-4c8c-8d58-9aa1ebaeaaa3	97.797	1598	4	22	1624	1	1622	41962	10772	12385	0.0
PvGapdh_promoter	20d84ecc-1f00-4c8c-8d58-9aa1ebaeaaa3	97.299	1585	18	16	1624	1	1624	41962	23798	25405	0.0
PvGapdh_promoter	20d84ecc-1f00-4c8c-8d58-9aa1ebaeaaa3	98.045	1555	8	14	1624	43	1624	41962	35467	37033	0.0
PvGapdh_promoter	20d84ecc-1f00-4c8c-8d58-9aa1ebaeaaa3	96.807	1607	7	10	1624	1	1624	41962	27144	28793	0.0
PvGapdh_promoter	20d84ecc-1f00-4c8c-8d58-9aa1ebaeaaa3	96.892	1590	14	22	1624	1	1624	41962	18698	20318	0.0
PvGapdh_promoter	20d84ecc-1f00-4c8c-8d58-9aa1ebaeaaa3	95.660	1565	17	33	1624	1	1624	41962	5558	7151	0.0
PvGapdh_promoter	20d84ecc-1f00-4c8c-8d58-9aa1ebaeaaa3	97.892	1393	8	14	1624	1	1419	41962	41110	39706	0.0
PvGapdh_promoter	20d84ecc-1f00-4c8c-8d58-9aa1ebaeaaa3	97.963	1058	5	12	1624	1	1076	41962	1067	1	0.0
PvGapdh_promoter	20d84ecc-1f00-4c8c-8d58-9aa1ebaeaaa3	98.353	836	3	9	1624	5	848	41962	3011	2167	0.0
PvGapdh_promoter	20d84ecc-1f00-4c8c-8d58-9aa1ebaeaaa3	98.561	822	3	5	1624	1	828	41962	34636	35466	0.0
PvGapdh_promoter	20d84ecc-1f00-4c8c-8d58-9aa1ebaeaaa3	96.355	846	5	16	1624	1	867	41962	8889	9750	0.0
PvGapdh_promoter	20d84ecc-1f00-4c8c-8d58-9aa1ebaeaaa3	98.573	760	2	6	1624	1	768	41962	33264	34028	0.0
PvGapdh_promoter	20d84ecc-1f00-4c8c-8d58-9aa1ebaeaaa3	98.387	732	4	7	1624	885	1624	41962	3703	4442	0.0
PvGapdh_promoter	20d84ecc-1f00-4c8c-8d58-9aa1ebaeaaa3	98.083	665	5	6	1624	949	1624	41962	22012	22683	0.0
PvGapdh_promoter	20d84ecc-1f00-4c8c-8d58-9aa1ebaeaaa3	81.487	537	35	48	1624	37	689	41962	34606	34029	1.05e-126
PvGapdh_promoter	20d84ecc-1f00-4c8c-8d58-9aa1ebaeaaa3	99.286	139	0	1	1624	1485	1624	41962	3705	3567	6.90e-64
PvGapdh_promoter	73eb6271-8d8e-45f2-9152-6753d08809b2	98.774	1611	5	14	1624	1	1624	10982	3372	4994	0.0
PvGapdh_promoter	73eb6271-8d8e-45f2-9152-6753d08809b2	97.607	1591	7	21	1624	1	1624	10982	9614	8011	0.0
PvGapdh_promoter	73eb6271-8d8e-45f2-9152-6753d08809b2	97.734	1553	11	18	1624	43	1624	10982	819	2389	0.0
PvGapdh_promoter	73eb6271-8d8e-45f2-9152-6753d08809b2	98.662	811	0	6	1624	14	828	10982	1	818	0.0
PvGapdh_promoter	73eb6271-8d8e-45f2-9152-6753d08809b2	79.167	1026	53	99	1624	143	1419	10982	6175	5078	0.0
PvGapdh_promoter	73eb6271-8d8e-45f2-9152-6753d08809b2	100.000	78	0	0	1624	1547	1624	10982	10803	10726	1.21e-31
PvGapdh_promoter	ac5086d5-4dc1-4058-ad7c-8b83df410a34	98.710	1607	3	14	1624	1	1624	59184	24724	26337	0.0
PvGapdh_promoter	ac5086d5-4dc1-4058-ad7c-8b83df410a34	96.949	1589	12	19	1624	1	1624	59184	17299	18914	0.0
PvGapdh_promoter	ac5086d5-4dc1-4058-ad7c-8b83df410a34	96.142	1570	17	27	1624	6	1624	59184	20521	22121	0.0
PvGapdh_promoter	ac5086d5-4dc1-4058-ad7c-8b83df410a34	95.740	1573	15	39	1624	1	1624	59184	42555	40949	0.0
PvGapdh_promoter	ac5086d5-4dc1-4058-ad7c-8b83df410a34	98.807	1408	5	9	1624	1	1419	59184	28034	29452	0.0
PvGapdh_promoter	ac5086d5-4dc1-4058-ad7c-8b83df410a34	92.463	1509	31	47	1624	1	1624	59184	2120	573	0.0
PvGapdh_promoter	ac5086d5-4dc1-4058-ad7c-8b83df410a34	91.272	1485	50	48	1624	1	1615	59184	39352	37806	0.0
PvGapdh_promoter	ac5086d5-4dc1-4058-ad7c-8b83df410a34	98.738	1017	3	8	1624	46	1070	59184	3629	4653	0.0
PvGapdh_promoter	ac5086d5-4dc1-4058-ad7c-8b83df410a34	96.035	993	14	19	1624	49	1070	59184	56143	55125	0.0
PvGapdh_promoter	ac5086d5-4dc1-4058-ad7c-8b83df410a34	97.961	913	4	10	1624	699	1624	59184	30460	29538	0.0
PvGapdh_promoter	ac5086d5-4dc1-4058-ad7c-8b83df410a34	97.307	795	5	8	1624	1	805	59184	57656	58467	0.0
PvGapdh_promoter	ac5086d5-4dc1-4058-ad7c-8b83df410a34	92.239	832	22	28	1624	699	1592	59184	30447	31308	0.0
PvGapdh_promoter	ac5086d5-4dc1-4058-ad7c-8b83df410a34	82.545	1187	72	81	1624	1	1419	59184	32698	31421	0.0
PvGapdh_promoter	ac5086d5-4dc1-4058-ad7c-8b83df410a34	96.727	532	5	5	1624	1076	1624	59184	3631	3094	0.0
PvGapdh_promoter	ac5086d5-4dc1-4058-ad7c-8b83df410a34	97.556	519	5	6	1624	1076	1605	59184	56144	56669	0.0
PvGapdh_promoter	ac5086d5-4dc1-4058-ad7c-8b83df410a34	99.396	494	0	1	1624	154	650	59184	22932	23425	0.0
PvGapdh_promoter	ac5086d5-4dc1-4058-ad7c-8b83df410a34	99.581	475	0	2	1624	927	1402	59184	1	476	0.0
PvGapdh_promoter	ac5086d5-4dc1-4058-ad7c-8b83df410a34	81.444	812	53	73	1624	643	1624	59184	35060	34181	0.0
PvGapdh_promoter	ac5086d5-4dc1-4058-ad7c-8b83df410a34	99.531	212	0	1	1624	546	757	59184	54914	55126	1.81e-104
PvGapdh_promoter	ac5086d5-4dc1-4058-ad7c-8b83df410a34	98.131	210	0	3	1624	546	757	59184	4863	4652	1.83e-99
PvGapdh_promoter	ac5086d5-4dc1-4058-ad7c-8b83df410a34	83.377	321	21	20	1624	5	385	59184	35589	35244	2.41e-83
PvGapdh_promoter	ac5086d5-4dc1-4058-ad7c-8b83df410a34	80.964	319	20	31	1624	158	534	59184	37150	36795	1.15e-66
PvGapdh_promoter	ac5086d5-4dc1-4058-ad7c-8b83df410a34	100.000	98	0	0	1624	1527	1624	59184	19307	19404	9.19e-43
PvGapdh_promoter	ac5086d5-4dc1-4058-ad7c-8b83df410a34	97.959	96	1	1	1624	1527	1624	59184	40552	40456	7.15e-39
PvGapdh_promoter	ac5086d5-4dc1-4058-ad7c-8b83df410a34	100.000	78	0	0	1624	1547	1624	59184	23533	23610	1.21e-31
PvGapdh_promoter	975d6e2c-bb00-455d-9128-6105dd1c8fe4	98.770	1606	1	14	1624	1	1624	30829	16624	18232	0.0
PvGapdh_promoter	975d6e2c-bb00-455d-9128-6105dd1c8fe4	98.590	1608	3	14	1624	1	1623	30829	23020	21402	0.0
PvGapdh_promoter	975d6e2c-bb00-455d-9128-6105dd1c8fe4	97.314	1594	9	20	1624	1	1624	30829	27239	25623	0.0
PvGapdh_promoter	975d6e2c-bb00-455d-9128-6105dd1c8fe4	97.117	1583	12	20	1624	1	1624	30829	30440	28840	0.0
PvGapdh_promoter	975d6e2c-bb00-455d-9128-6105dd1c8fe4	96.662	1506	23	22	1624	1	1545	30829	1542	1	0.0
PvGapdh_promoter	975d6e2c-bb00-455d-9128-6105dd1c8fe4	88.928	1277	48	63	1624	1	1419	30829	19658	18317	0.0
PvGapdh_promoter	975d6e2c-bb00-455d-9128-6105dd1c8fe4	96.120	991	11	22	1624	49	1070	30829	15100	14090	0.0
PvGapdh_promoter	975d6e2c-bb00-455d-9128-6105dd1c8fe4	97.830	541	4	6	1624	1076	1624	30829	15101	15649	0.0
PvGapdh_promoter	975d6e2c-bb00-455d-9128-6105dd1c8fe4	97.976	484	1	6	1624	154	647	30829	24812	24328	0.0
PvGapdh_promoter	975d6e2c-bb00-455d-9128-6105dd1c8fe4	97.674	210	1	4	1624	546	757	30829	13876	14089	2.36e-98
PvGapdh_promoter	975d6e2c-bb00-455d-9128-6105dd1c8fe4	100.000	98	0	0	1624	1527	1624	30829	28442	28345	9.19e-43
PvGapdh_promoter	9ff8ee9f-c0b7-4947-ac59-ea16bec73c1b	98.529	1608	6	16	1624	1	1624	51136	38293	39914	0.0
PvGapdh_promoter	9ff8ee9f-c0b7-4947-ac59-ea16bec73c1b	98.223	1603	5	19	1624	1	1624	51136	42500	44115	0.0
PvGapdh_promoter	9ff8ee9f-c0b7-4947-ac59-ea16bec73c1b	98.164	1604	5	19	1624	1	1624	51136	35087	36705	0.0
PvGapdh_promoter	9ff8ee9f-c0b7-4947-ac59-ea16bec73c1b	97.978	1599	10	17	1624	1	1624	51136	6309	7925	0.0
PvGapdh_promoter	9ff8ee9f-c0b7-4947-ac59-ea16bec73c1b	96.762	1584	9	24	1624	1	1624	51136	13681	15286	0.0
PvGapdh_promoter	9ff8ee9f-c0b7-4947-ac59-ea16bec73c1b	96.324	1572	8	31	1624	1	1624	51136	48953	47366	0.0
PvGapdh_promoter	9ff8ee9f-c0b7-4947-ac59-ea16bec73c1b	94.930	1554	32	37	1624	1	1624	51136	9512	11110	0.0
PvGapdh_promoter	9ff8ee9f-c0b7-4947-ac59-ea16bec73c1b	98.599	1408	1	11	1624	1	1419	51136	45864	47281	0.0
PvGapdh_promoter	9ff8ee9f-c0b7-4947-ac59-ea16bec73c1b	98.313	1399	7	11	1624	1	1419	51136	17034	18443	0.0
PvGapdh_promoter	9ff8ee9f-c0b7-4947-ac59-ea16bec73c1b	96.631	1176	7	19	1624	420	1624	51136	51120	49926	0.0
PvGapdh_promoter	9ff8ee9f-c0b7-4947-ac59-ea16bec73c1b	98.642	1017	3	6	1624	46	1070	51136	21458	22483	0.0
PvGapdh_promoter	9ff8ee9f-c0b7-4947-ac59-ea16bec73c1b	87.155	821	36	46	1624	694	1624	51136	19395	18528	0.0
PvGapdh_promoter	9ff8ee9f-c0b7-4947-ac59-ea16bec73c1b	98.004	540	0	6	1624	1076	1624	51136	21460	20919	0.0
PvGapdh_promoter	9ff8ee9f-c0b7-4947-ac59-ea16bec73c1b	96.794	483	3	10	1624	154	651	51136	11907	12393	0.0
PvGapdh_promoter	9ff8ee9f-c0b7-4947-ac59-ea16bec73c1b	95.427	480	6	11	1624	154	650	51136	40716	41207	0.0
PvGapdh_promoter	9ff8ee9f-c0b7-4947-ac59-ea16bec73c1b	98.140	211	1	3	1624	546	757	51136	22696	22482	5.08e-100
PvGapdh_promoter	9ff8ee9f-c0b7-4947-ac59-ea16bec73c1b	80.897	415	25	43	1624	4	511	51136	19941	19497	1.85e-89
PvGapdh_promoter	9ff8ee9f-c0b7-4947-ac59-ea16bec73c1b	100.000	98	0	0	1624	1527	1624	51136	37087	37184	9.19e-43
PvGapdh_promoter	9ff8ee9f-c0b7-4947-ac59-ea16bec73c1b	98.990	98	0	1	1624	1527	1624	51136	8318	8416	4.28e-41
PvGapdh_promoter	46dd95fc-7bff-474b-8766-731cf6f3de89	98.530	1609	2	19	1624	1	1624	68055	4864	6483	0.0
PvGapdh_promoter	46dd95fc-7bff-474b-8766-731cf6f3de89	98.228	1608	3	18	1624	1	1624	68055	15200	13577	0.0
PvGapdh_promoter	46dd95fc-7bff-474b-8766-731cf6f3de89	97.420	1586	19	15	1624	1	1624	68055	29553	27945	0.0
PvGapdh_promoter	46dd95fc-7bff-474b-8766-731cf6f3de89	97.367	1590	9	22	1624	1	1624	68055	63212	61605	0.0
PvGapdh_promoter	46dd95fc-7bff-474b-8766-731cf6f3de89	97.364	1588	7	20	1624	1	1624	68055	26829	25228	0.0
PvGapdh_promoter	46dd95fc-7bff-474b-8766-731cf6f3de89	96.934	1581	22	18	1624	1	1624	68055	20666	19057	0.0
PvGapdh_promoter	46dd95fc-7bff-474b-8766-731cf6f3de89	96.628	1576	15	25	1624	1	1624	68055	52923	54520	0.0
PvGapdh_promoter	46dd95fc-7bff-474b-8766-731cf6f3de89	96.509	1576	12	34	1624	1	1624	68055	47451	49047	0.0
PvGapdh_promoter	46dd95fc-7bff-474b-8766-731cf6f3de89	94.580	1553	22	48	1624	1	1624	68055	41349	42941	0.0
PvGapdh_promoter	46dd95fc-7bff-474b-8766-731cf6f3de89	98.764	1279	1	14	1624	1	1292	68055	24421	23139	0.0
PvGapdh_promoter	46dd95fc-7bff-474b-8766-731cf6f3de89	92.450	1494	37	58	1624	1	1605	68055	38721	40262	0.0
PvGapdh_promoter	46dd95fc-7bff-474b-8766-731cf6f3de89	94.181	1230	21	36	1624	1	1286	68055	43735	45005	0.0
PvGapdh_promoter	46dd95fc-7bff-474b-8766-731cf6f3de89	90.603	1292	52	58	1624	1	1415	68055	32836	34190	0.0
PvGapdh_promoter	46dd95fc-7bff-474b-8766-731cf6f3de89	97.527	828	4	12	1624	1	848	68055	65132	64300	0.0
PvGapdh_promoter	46dd95fc-7bff-474b-8766-731cf6f3de89	97.294	827	7	7	1624	1	848	68055	2936	3771	0.0
PvGapdh_promoter	46dd95fc-7bff-474b-8766-731cf6f3de89	97.837	814	6	6	1624	1	832	68055	17942	17123	0.0
PvGapdh_promoter	46dd95fc-7bff-474b-8766-731cf6f3de89	96.357	820	6	18	1624	780	1624	68055	50989	51820	0.0
PvGapdh_promoter	46dd95fc-7bff-474b-8766-731cf6f3de89	96.502	800	11	12	1624	800	1624	68055	17098	16284	0.0
PvGapdh_promoter	46dd95fc-7bff-474b-8766-731cf6f3de89	95.657	815	16	17	1624	1	845	68055	50149	50986	0.0
PvGapdh_promoter	46dd95fc-7bff-474b-8766-731cf6f3de89	98.246	728	4	6	1624	1	740	68055	11836	11104	0.0
PvGapdh_promoter	46dd95fc-7bff-474b-8766-731cf6f3de89	97.934	711	7	5	1624	1	726	68055	8227	8944	0.0
PvGapdh_promoter	46dd95fc-7bff-474b-8766-731cf6f3de89	97.055	725	6	11	1624	885	1624	68055	2248	1511	0.0
PvGapdh_promoter	46dd95fc-7bff-474b-8766-731cf6f3de89	96.879	714	8	11	1624	895	1624	68055	23143	22415	0.0
PvGapdh_promoter	46dd95fc-7bff-474b-8766-731cf6f3de89	97.007	713	3	11	1624	1	726	68055	59883	59159	0.0
PvGapdh_promoter	46dd95fc-7bff-474b-8766-731cf6f3de89	96.327	708	6	15	1624	893	1624	68055	45004	45720	0.0
PvGapdh_promoter	46dd95fc-7bff-474b-8766-731cf6f3de89	96.322	707	7	14	1624	10	728	68055	56205	56933	0.0
PvGapdh_promoter	46dd95fc-7bff-474b-8766-731cf6f3de89	94.638	706	11	19	1624	885	1624	68055	65826	66548	0.0
PvGapdh_promoter	46dd95fc-7bff-474b-8766-731cf6f3de89	90.047	760	40	28	1624	25	854	68055	58345	59158	0.0
PvGapdh_promoter	46dd95fc-7bff-474b-8766-731cf6f3de89	82.897	950	77	78	1624	1	1115	68055	35479	34422	0.0
PvGapdh_promoter	46dd95fc-7bff-474b-8766-731cf6f3de89	98.113	416	2	4	1624	1205	1624	68055	30685	31106	0.0
PvGapdh_promoter	46dd95fc-7bff-474b-8766-731cf6f3de89	96.682	408	2	7	1624	1205	1624	68055	37622	37211	0.0
PvGapdh_promoter	46dd95fc-7bff-474b-8766-731cf6f3de89	97.990	390	2	4	1624	1	395	68055	397	3	0.0
PvGapdh_promoter	46dd95fc-7bff-474b-8766-731cf6f3de89	98.228	388	1	4	1624	1	395	68055	67649	68037	0.0
PvGapdh_promoter	46dd95fc-7bff-474b-8766-731cf6f3de89	95.596	369	3	10	1624	975	1356	68055	57309	56934	1.28e-170
PvGapdh_promoter	46dd95fc-7bff-474b-8766-731cf6f3de89	94.514	379	6	11	1624	960	1356	68055	10727	11115	4.60e-170
PvGapdh_promoter	46dd95fc-7bff-474b-8766-731cf6f3de89	84.948	412	35	24	1624	1	478	68055	9720	9267	1.36e-125
PvGapdh_promoter	46dd95fc-7bff-474b-8766-731cf6f3de89	94.306	265	2	12	1624	574	854	68055	9211	8945	6.43e-114
PvGapdh_promoter	46dd95fc-7bff-474b-8766-731cf6f3de89	90.083	218	9	13	1624	1155	1396	68055	34416	34190	2.43e-78
PvGapdh_promoter	46dd95fc-7bff-474b-8766-731cf6f3de89	100.000	140	0	0	1624	1485	1624	68055	65828	65689	4.13e-66
PvGapdh_promoter	46dd95fc-7bff-474b-8766-731cf6f3de89	97.857	137	2	1	1624	1485	1624	68055	2246	2384	1.49e-60
PvGapdh_promoter	d342a5a2-1b08-4e2f-9a14-66af571eefb6	98.469	1608	6	12	1624	1	1624	48768	6465	8087	0.0
PvGapdh_promoter	d342a5a2-1b08-4e2f-9a14-66af571eefb6	96.581	1582	16	28	1624	1	1624	48768	12927	11316	0.0
PvGapdh_promoter	d342a5a2-1b08-4e2f-9a14-66af571eefb6	96.512	1577	15	24	1624	1	1624	48768	17110	15509	0.0
PvGapdh_promoter	d342a5a2-1b08-4e2f-9a14-66af571eefb6	96.020	1568	10	31	1624	4	1624	48768	20306	18717	0.0
PvGapdh_promoter	d342a5a2-1b08-4e2f-9a14-66af571eefb6	96.706	1380	16	22	1624	1	1419	48768	9575	8172	0.0
PvGapdh_promoter	d342a5a2-1b08-4e2f-9a14-66af571eefb6	89.951	1289	62	51	1624	1	1407	48768	39287	40663	0.0
PvGapdh_promoter	d342a5a2-1b08-4e2f-9a14-66af571eefb6	97.374	1001	5	15	1624	48	1070	48768	4943	3933	0.0
PvGapdh_promoter	d342a5a2-1b08-4e2f-9a14-66af571eefb6	93.466	987	20	35	1624	46	1070	48768	43797	44834	0.0
PvGapdh_promoter	d342a5a2-1b08-4e2f-9a14-66af571eefb6	90.994	1071	20	37	1624	502	1624	48768	41898	40754	0.0
PvGapdh_promoter	d342a5a2-1b08-4e2f-9a14-66af571eefb6	82.563	1340	101	110	1624	1	1592	48768	36274	37745	0.0
PvGapdh_promoter	d342a5a2-1b08-4e2f-9a14-66af571eefb6	82.065	1359	97	118	1624	1	1623	48768	29801	31289	0.0
PvGapdh_promoter	d342a5a2-1b08-4e2f-9a14-66af571eefb6	81.970	1323	76	118	1624	6	1595	48768	32619	34041	0.0
PvGapdh_promoter	d342a5a2-1b08-4e2f-9a14-66af571eefb6	98.545	542	1	5	1624	1076	1624	48768	4940	5483	0.0
PvGapdh_promoter	d342a5a2-1b08-4e2f-9a14-66af571eefb6	94.306	530	7	11	1624	1076	1624	48768	43799	43250	0.0
PvGapdh_promoter	d342a5a2-1b08-4e2f-9a14-66af571eefb6	96.964	479	1	9	1624	157	650	48768	14697	14218	0.0
PvGapdh_promoter	d342a5a2-1b08-4e2f-9a14-66af571eefb6	100.000	212	0	0	1624	546	757	48768	3723	3934	3.90e-106
PvGapdh_promoter	d342a5a2-1b08-4e2f-9a14-66af571eefb6	82.864	353	26	19	1624	223	642	48768	34764	35148	5.15e-90
PvGapdh_promoter	d342a5a2-1b08-4e2f-9a14-66af571eefb6	98.551	136	0	2	1624	1	136	48768	42276	42139	4.16e-61
PvGapdh_promoter	d342a5a2-1b08-4e2f-9a14-66af571eefb6	97.000	97	1	1	1624	1527	1624	48768	18322	18223	2.57e-38
PvGapdh_promoter	44ff67d2-c2f3-4d25-9b67-16b50ef9229d	98.585	1603	6	11	1624	1	1624	21189	8327	9937	0.0
PvGapdh_promoter	44ff67d2-c2f3-4d25-9b67-16b50ef9229d	98.221	1601	3	15	1624	1	1624	21189	14791	13182	0.0
PvGapdh_promoter	44ff67d2-c2f3-4d25-9b67-16b50ef9229d	97.425	1589	14	20	1624	1	1624	21189	18994	17385	0.0
PvGapdh_promoter	44ff67d2-c2f3-4d25-9b67-16b50ef9229d	96.585	1386	10	27	1624	1	1419	21189	11432	10021	0.0
PvGapdh_promoter	44ff67d2-c2f3-4d25-9b67-16b50ef9229d	96.105	987	8	25	1624	54	1070	21189	6800	5796	0.0
PvGapdh_promoter	44ff67d2-c2f3-4d25-9b67-16b50ef9229d	96.990	580	3	9	1624	1028	1624	21189	21176	20593	0.0
PvGapdh_promoter	44ff67d2-c2f3-4d25-9b67-16b50ef9229d	97.283	537	6	6	1624	1076	1624	21189	6808	7353	0.0
PvGapdh_promoter	44ff67d2-c2f3-4d25-9b67-16b50ef9229d	97.024	489	1	9	1624	154	650	21189	16573	16077	0.0
PvGapdh_promoter	44ff67d2-c2f3-4d25-9b67-16b50ef9229d	99.515	205	0	1	1624	546	751	21189	5589	5793	1.41e-100
PvGapdh_promoter	44ff67d2-c2f3-4d25-9b67-16b50ef9229d	97.959	96	1	1	1624	1527	1624	21189	20196	20100	7.15e-39
PvGapdh_promoter	9b89a73e-e232-40db-afe7-98e33a865fd6	98.409	1608	3	15	1624	1	1624	15330	11310	9690	0.0
PvGapdh_promoter	9b89a73e-e232-40db-afe7-98e33a865fd6	97.619	1599	9	20	1624	1	1624	15330	8082	6461	0.0
PvGapdh_promoter	9b89a73e-e232-40db-afe7-98e33a865fd6	96.816	1581	19	23	1624	1	1624	15330	3861	2253	0.0
PvGapdh_promoter	9b89a73e-e232-40db-afe7-98e33a865fd6	99.200	496	0	4	1624	154	650	15330	5654	5156	0.0
PvGapdh_promoter	9b89a73e-e232-40db-afe7-98e33a865fd6	98.020	495	2	6	1624	1	505	15330	497	1	0.0
PvGapdh_promoter	9b89a73e-e232-40db-afe7-98e33a865fd6	96.939	95	3	0	1624	1527	1624	15330	9299	9202	9.25e-38
PvGapdh_promoter	74aa09bc-d37a-462a-9bf2-0f6ecd54816c	98.464	1603	8	13	1624	1	1624	31710	23924	22310	0.0
PvGapdh_promoter	74aa09bc-d37a-462a-9bf2-0f6ecd54816c	98.168	1608	7	14	1624	1	1624	31710	3289	4917	0.0
PvGapdh_promoter	74aa09bc-d37a-462a-9bf2-0f6ecd54816c	96.894	1591	13	24	1624	1	1624	31710	17811	16190	0.0
PvGapdh_promoter	74aa09bc-d37a-462a-9bf2-0f6ecd54816c	96.823	1585	22	25	1624	1	1624	31710	29053	27434	0.0
PvGapdh_promoter	74aa09bc-d37a-462a-9bf2-0f6ecd54816c	98.012	1528	3	18	1624	75	1624	31710	31706	30167	0.0
PvGapdh_promoter	74aa09bc-d37a-462a-9bf2-0f6ecd54816c	95.201	1587	18	37	1624	1	1623	31710	20565	18917	0.0
PvGapdh_promoter	74aa09bc-d37a-462a-9bf2-0f6ecd54816c	96.164	1529	25	28	1624	43	1624	31710	12235	10674	0.0
PvGapdh_promoter	74aa09bc-d37a-462a-9bf2-0f6ecd54816c	98.317	1402	2	17	1624	1	1419	31710	6661	8071	0.0
PvGapdh_promoter	74aa09bc-d37a-462a-9bf2-0f6ecd54816c	87.950	1467	77	86	1624	1	1624	31710	9743	8156	0.0
PvGapdh_promoter	74aa09bc-d37a-462a-9bf2-0f6ecd54816c	97.716	813	7	9	1624	1	828	31710	13059	12236	0.0
PvGapdh_promoter	74aa09bc-d37a-462a-9bf2-0f6ecd54816c	98.062	759	1	9	1624	1	768	31710	14441	13676	0.0
PvGapdh_promoter	74aa09bc-d37a-462a-9bf2-0f6ecd54816c	97.633	660	3	6	1624	950	1624	31710	25709	25046	0.0
PvGapdh_promoter	74aa09bc-d37a-462a-9bf2-0f6ecd54816c	95.000	665	12	16	1624	926	1624	31710	1	678	0.0
PvGapdh_promoter	74aa09bc-d37a-462a-9bf2-0f6ecd54816c	98.200	491	1	5	1624	154	650	31710	1488	1982	0.0
PvGapdh_promoter	74aa09bc-d37a-462a-9bf2-0f6ecd54816c	83.182	549	34	50	1624	37	689	31710	13086	13675	2.20e-148
PvGapdh_promoter	74aa09bc-d37a-462a-9bf2-0f6ecd54816c	100.000	78	0	0	1624	1547	1624	31710	2089	2166	1.21e-31
PvGapdh_promoter	ddad75be-8fd3-4857-b109-8b82345ef99d	98.404	1603	9	13	1624	1	1624	23173	236	1852	0.0
PvGapdh_promoter	c52e2102-e9e9-4a0e-b3b0-4a856b470e7c	98.463	1602	4	13	1624	1	1624	5604	3859	2251	0.0
PvGapdh_promoter	c52e2102-e9e9-4a0e-b3b0-4a856b470e7c	96.212	635	6	14	1624	1	659	5604	642	1	0.0
PvGapdh_promoter	c52e2102-e9e9-4a0e-b3b0-4a856b470e7c	98.925	92	0	1	1624	1533	1624	5604	1849	1757	9.25e-38
PvGapdh_promoter	8f6208b9-77a3-4d18-8428-5df1465fde27	98.287	1607	5	16	1624	1	1624	33766	19317	17695	0.0
PvGapdh_promoter	8f6208b9-77a3-4d18-8428-5df1465fde27	97.672	1594	10	20	1624	1	1624	33766	4904	6515	0.0
PvGapdh_promoter	8f6208b9-77a3-4d18-8428-5df1465fde27	97.118	1584	11	22	1624	5	1624	33766	30477	28872	0.0
PvGapdh_promoter	8f6208b9-77a3-4d18-8428-5df1465fde27	97.423	1550	9	19	1624	43	1624	33766	13766	12199	0.0
PvGapdh_promoter	8f6208b9-77a3-4d18-8428-5df1465fde27	96.527	1584	7	31	1624	1	1624	33766	33186	31579	0.0
PvGapdh_promoter	8f6208b9-77a3-4d18-8428-5df1465fde27	95.668	1590	9	34	1624	1	1624	33766	22061	20425	0.0
PvGapdh_promoter	8f6208b9-77a3-4d18-8428-5df1465fde27	95.418	1562	22	29	1624	1	1624	33766	737	2333	0.0
PvGapdh_promoter	8f6208b9-77a3-4d18-8428-5df1465fde27	94.322	1545	36	35	1624	1	1624	33766	25388	23794	0.0
PvGapdh_promoter	8f6208b9-77a3-4d18-8428-5df1465fde27	97.197	1387	10	14	1624	1	1419	33766	8257	9661	0.0
PvGapdh_promoter	8f6208b9-77a3-4d18-8428-5df1465fde27	85.246	1404	47	83	1624	1	1624	33766	11220	9747	0.0
PvGapdh_promoter	8f6208b9-77a3-4d18-8428-5df1465fde27	98.315	817	4	9	1624	1	828	33766	14590	13767	0.0
PvGapdh_promoter	8f6208b9-77a3-4d18-8428-5df1465fde27	96.503	745	5	14	1624	1	768	33766	15958	15205	0.0
PvGapdh_promoter	8f6208b9-77a3-4d18-8428-5df1465fde27	97.935	664	3	8	1624	949	1623	33766	27174	26505	0.0
PvGapdh_promoter	8f6208b9-77a3-4d18-8428-5df1465fde27	97.595	487	2	6	1624	154	650	33766	3136	3626	0.0
PvGapdh_promoter	8f6208b9-77a3-4d18-8428-5df1465fde27	85.429	557	23	36	1624	37	683	33766	14616	15200	2.75e-172
PvGapdh_promoter	8f6208b9-77a3-4d18-8428-5df1465fde27	96.389	347	3	6	1624	1266	1624	33766	33750	33400	5.99e-164
PvGapdh_promoter	537c198e-def1-48d5-b81e-37133ac76c83	98.462	1600	4	13	1624	1	1624	5894	2041	437	0.0
PvGapdh_promoter	537c198e-def1-48d5-b81e-37133ac76c83	97.413	1544	12	20	1624	43	1624	5894	4581	3023	0.0
PvGapdh_promoter	537c198e-def1-48d5-b81e-37133ac76c83	97.485	814	5	11	1624	1	828	5894	5407	4582	0.0
PvGapdh_promoter	537c198e-def1-48d5-b81e-37133ac76c83	98.434	440	1	6	1624	37	479	5894	5434	5878	0.0
PvGapdh_promoter	537c198e-def1-48d5-b81e-37133ac76c83	99.155	352	0	1	1624	1065	1419	5894	1	352	1.63e-179
PvGapdh_promoter	f1556f71-53bb-4992-ba29-81279f610ba6	98.284	1604	6	15	1624	1	1624	35886	32636	31019	0.0
PvGapdh_promoter	f1556f71-53bb-4992-ba29-81279f610ba6	97.913	1595	6	14	1624	1	1624	35886	6832	5227	0.0
PvGapdh_promoter	f1556f71-53bb-4992-ba29-81279f610ba6	97.239	1585	11	22	1624	1	1624	35886	28411	26810	0.0
PvGapdh_promoter	f1556f71-53bb-4992-ba29-81279f610ba6	96.535	1588	14	26	1624	1	1624	35886	35864	34242	0.0
PvGapdh_promoter	f1556f71-53bb-4992-ba29-81279f610ba6	96.224	1580	13	33	1624	3	1624	35886	21978	23590	0.0
PvGapdh_promoter	f1556f71-53bb-4992-ba29-81279f610ba6	96.203	1368	16	30	1624	1	1407	35886	3618	2220	0.0
PvGapdh_promoter	f1556f71-53bb-4992-ba29-81279f610ba6	93.236	1337	34	45	1624	1	1419	35886	25060	23675	0.0
PvGapdh_promoter	f1556f71-53bb-4992-ba29-81279f610ba6	96.686	992	13	14	1624	49	1070	35886	20465	19457	0.0
PvGapdh_promoter	f1556f71-53bb-4992-ba29-81279f610ba6	97.086	533	2	10	1624	1076	1624	35886	20465	20999	0.0
PvGapdh_promoter	f1556f71-53bb-4992-ba29-81279f610ba6	99.200	496	1	2	1624	154	650	35886	30205	29706	0.0
PvGapdh_promoter	f1556f71-53bb-4992-ba29-81279f610ba6	97.653	208	4	1	1624	546	757	35886	19246	19458	8.50e-98
PvGapdh_promoter	f1556f71-53bb-4992-ba29-81279f610ba6	100.000	92	0	0	1624	1527	1618	35886	4832	4741	1.99e-39
PvGapdh_promoter	f1556f71-53bb-4992-ba29-81279f610ba6	97.959	96	0	2	1624	1527	1624	35886	33845	33750	7.15e-39
PvGapdh_promoter	f1556f71-53bb-4992-ba29-81279f610ba6	100.000	78	0	0	1624	1547	1624	35886	29601	29524	1.21e-31
PvGapdh_promoter	65c22a80-b72c-41a3-a7d5-b46af345d3b7	98.342	1601	8	15	1624	1	1624	52128	38455	40067	0.0
PvGapdh_promoter	65c22a80-b72c-41a3-a7d5-b46af345d3b7	97.918	1599	6	18	1624	1	1624	52128	42674	44287	0.0
PvGapdh_promoter	65c22a80-b72c-41a3-a7d5-b46af345d3b7	97.724	1589	11	16	1624	1	1624	52128	35255	36856	0.0
PvGapdh_promoter	65c22a80-b72c-41a3-a7d5-b46af345d3b7	98.668	1407	4	11	1624	1	1419	52128	46029	47446	0.0
PvGapdh_promoter	65c22a80-b72c-41a3-a7d5-b46af345d3b7	97.107	1007	5	20	1624	46	1070	52128	50526	51549	0.0
PvGapdh_promoter	65c22a80-b72c-41a3-a7d5-b46af345d3b7	98.548	543	1	6	1624	1076	1624	52128	50528	49983	0.0
PvGapdh_promoter	65c22a80-b72c-41a3-a7d5-b46af345d3b7	83.511	942	58	77	1624	1	1108	52128	49003	47984	0.0
PvGapdh_promoter	65c22a80-b72c-41a3-a7d5-b46af345d3b7	98.403	493	0	5	1624	154	650	52128	40881	41377	0.0
PvGapdh_promoter	65c22a80-b72c-41a3-a7d5-b46af345d3b7	96.364	371	3	7	1624	1240	1624	52128	47905	47532	1.27e-175
PvGapdh_promoter	65c22a80-b72c-41a3-a7d5-b46af345d3b7	96.714	206	4	3	1624	546	757	52128	51758	51548	6.62e-94
PvGapdh_promoter	65c22a80-b72c-41a3-a7d5-b46af345d3b7	98.980	97	0	1	1624	1527	1624	52128	37240	37336	1.54e-40
PvGapdh_promoter	6b86c326-6c40-4ba0-bcf8-c7c36e315cff	98.281	1601	9	10	1624	1	1624	14037	12808	11194	0.0
PvGapdh_promoter	6b86c326-6c40-4ba0-bcf8-c7c36e315cff	97.795	1597	10	18	1624	1	1624	14037	9590	7975	0.0
PvGapdh_promoter	6b86c326-6c40-4ba0-bcf8-c7c36e315cff	94.823	1557	18	46	1624	1	1624	14037	5371	3779	0.0
PvGapdh_promoter	6b86c326-6c40-4ba0-bcf8-c7c36e315cff	96.629	1376	19	18	1624	1	1407	14037	2039	628	0.0
PvGapdh_promoter	6b86c326-6c40-4ba0-bcf8-c7c36e315cff	96.697	527	6	9	1624	1086	1624	14037	1	539	0.0
PvGapdh_promoter	6b86c326-6c40-4ba0-bcf8-c7c36e315cff	98.381	486	3	5	1624	157	650	14037	7162	6674	0.0
PvGapdh_promoter	6b86c326-6c40-4ba0-bcf8-c7c36e315cff	96.939	95	3	0	1624	1527	1624	14037	10796	10699	9.25e-38
PvGapdh_promoter	a79c4243-4637-4869-bdf8-37af54463950	98.339	1599	8	11	1624	1	1624	25801	24250	22642	0.0
PvGapdh_promoter	5d7742cf-f08a-494c-9b8c-cf1e630a8dad	98.283	1603	3	15	1624	1	1624	9529	7026	5414	0.0
PvGapdh_promoter	5d7742cf-f08a-494c-9b8c-cf1e630a8dad	97.367	1590	5	26	1624	1	1624	9529	2211	608	0.0
PvGapdh_promoter	5d7742cf-f08a-494c-9b8c-cf1e630a8dad	97.838	1448	6	19	1624	1	1471	9529	4300	2838	0.0
PvGapdh_promoter	5d7742cf-f08a-494c-9b8c-cf1e630a8dad	95.652	506	7	11	1624	3	526	9529	8997	9514	0.0
PvGapdh_promoter	a3f3d94b-b428-4fbd-8137-80e68f84bad2	98.222	1602	7	14	1624	1	1624	23115	19485	21100	0.0
PvGapdh_promoter	a3f3d94b-b428-4fbd-8137-80e68f84bad2	98.810	415	0	3	1624	1	420	23115	22698	23112	0.0
PvGapdh_promoter	a3f3d94b-b428-4fbd-8137-80e68f84bad2	100.000	98	0	0	1624	1527	1624	23115	21495	21592	9.19e-43
PvGapdh_promoter	ebb9fe88-c3ce-417d-b2f1-3631814c8507	98.221	1601	8	18	1624	1	1624	14939	11827	13441	0.0
PvGapdh_promoter	ebb9fe88-c3ce-417d-b2f1-3631814c8507	97.613	1595	14	18	1624	1	1622	14939	3661	5281	0.0
PvGapdh_promoter	ebb9fe88-c3ce-417d-b2f1-3631814c8507	98.240	1563	3	17	1624	43	1622	14939	9272	10848	0.0
PvGapdh_promoter	ebb9fe88-c3ce-417d-b2f1-3631814c8507	96.444	1600	5	15	1624	1	1624	14939	916	2555	0.0
PvGapdh_promoter	ebb9fe88-c3ce-417d-b2f1-3631814c8507	94.147	1335	18	36	1624	1	1407	14939	14897	13534	0.0
PvGapdh_promoter	ebb9fe88-c3ce-417d-b2f1-3631814c8507	95.558	796	19	11	1624	1	828	14939	8452	9271	0.0
PvGapdh_promoter	ebb9fe88-c3ce-417d-b2f1-3631814c8507	96.834	734	3	11	1624	1	751	14939	7029	7772	0.0
PvGapdh_promoter	ebb9fe88-c3ce-417d-b2f1-3631814c8507	97.095	635	5	10	1624	37	689	14939	8425	7785	0.0
PvGapdh_promoter	30599e10-c318-496e-8081-7368e809a80f	98.104	1604	8	16	1624	1	1624	16591	5948	4326	0.0
PvGapdh_promoter	30599e10-c318-496e-8081-7368e809a80f	97.978	1599	7	18	1624	1	1624	16591	12066	10453	0.0
PvGapdh_promoter	30599e10-c318-496e-8081-7368e809a80f	96.029	1596	6	20	1624	1	1622	16591	8705	7064	0.0
PvGapdh_promoter	30599e10-c318-496e-8081-7368e809a80f	98.932	1019	2	8	1624	599	1624	16591	16590	15566	0.0
PvGapdh_promoter	30599e10-c318-496e-8081-7368e809a80f	97.725	816	2	10	1624	1	828	16591	1137	313	0.0
PvGapdh_promoter	30599e10-c318-496e-8081-7368e809a80f	98.833	762	0	6	1624	1	768	16591	2578	1814	0.0
PvGapdh_promoter	30599e10-c318-496e-8081-7368e809a80f	99.387	649	1	2	1624	37	689	16591	1164	1813	0.0
PvGapdh_promoter	30599e10-c318-496e-8081-7368e809a80f	96.608	655	3	7	1624	949	1624	16591	13843	13184	0.0
PvGapdh_promoter	30599e10-c318-496e-8081-7368e809a80f	96.825	305	6	4	1624	43	356	16591	312	1	1.33e-145
PvGapdh_promoter	5989d142-18b6-48bc-88f3-6b14547a0362	98.098	1599	11	18	1624	1	1624	59047	46192	44577	0.0
PvGapdh_promoter	5989d142-18b6-48bc-88f3-6b14547a0362	98.039	1600	9	15	1624	1	1624	59047	39739	41355	0.0
PvGapdh_promoter	5989d142-18b6-48bc-88f3-6b14547a0362	97.132	1592	8	27	1624	1	1624	59047	21381	19767	0.0
PvGapdh_promoter	5989d142-18b6-48bc-88f3-6b14547a0362	96.721	1593	12	29	1624	1	1624	59047	24616	22989	0.0
PvGapdh_promoter	5989d142-18b6-48bc-88f3-6b14547a0362	96.881	1584	10	26	1624	1	1622	59047	17191	15585	0.0
PvGapdh_promoter	5989d142-18b6-48bc-88f3-6b14547a0362	96.407	1583	14	33	1624	1	1624	59047	49418	47804	0.0
PvGapdh_promoter	5989d142-18b6-48bc-88f3-6b14547a0362	97.059	1386	5	21	1624	1	1419	59047	42839	41440	0.0
PvGapdh_promoter	5989d142-18b6-48bc-88f3-6b14547a0362	96.481	987	14	17	1624	54	1070	59047	38222	37216	0.0
PvGapdh_promoter	5989d142-18b6-48bc-88f3-6b14547a0362	90.081	1217	42	62	1624	10	1340	59047	14603	13325	0.0
PvGapdh_promoter	5989d142-18b6-48bc-88f3-6b14547a0362	97.753	870	1	11	1624	1	878	59047	12464	13346	0.0
PvGapdh_promoter	5989d142-18b6-48bc-88f3-6b14547a0362	95.463	526	3	11	1624	1076	1623	59047	38232	38763	0.0
PvGapdh_promoter	5989d142-18b6-48bc-88f3-6b14547a0362	96.994	484	0	10	1624	154	650	59047	18964	18479	0.0
PvGapdh_promoter	5989d142-18b6-48bc-88f3-6b14547a0362	94.064	206	3	8	1624	546	757	59047	37002	37217	1.44e-85
PvGapdh_promoter	5989d142-18b6-48bc-88f3-6b14547a0362	100.000	98	0	0	1624	1527	1624	59047	22594	22497	9.19e-43
PvGapdh_promoter	5989d142-18b6-48bc-88f3-6b14547a0362	98.969	96	0	1	1624	1527	1623	59047	47406	47311	5.53e-40
PvGapdh_promoter	c9b36ab7-9893-47bd-b527-e0346725da72	98.100	1601	7	17	1624	1	1624	38779	8869	7254	0.0
PvGapdh_promoter	c9b36ab7-9893-47bd-b527-e0346725da72	97.918	1599	9	16	1624	1	1624	38779	3758	2142	0.0
PvGapdh_promoter	c9b36ab7-9893-47bd-b527-e0346725da72	97.672	1594	6	23	1624	1	1624	38779	13415	11808	0.0
PvGapdh_promoter	c9b36ab7-9893-47bd-b527-e0346725da72	97.555	1596	9	21	1624	1	1624	38779	22016	20400	0.0
PvGapdh_promoter	c9b36ab7-9893-47bd-b527-e0346725da72	97.368	1591	17	20	1624	1	1624	38779	36931	35314	0.0
PvGapdh_promoter	c9b36ab7-9893-47bd-b527-e0346725da72	97.425	1589	11	19	1624	1	1624	38779	16771	15165	0.0
PvGapdh_promoter	c9b36ab7-9893-47bd-b527-e0346725da72	97.423	1588	5	24	1624	1	1622	38779	26501	28101	0.0
PvGapdh_promoter	c9b36ab7-9893-47bd-b527-e0346725da72	96.394	1577	18	23	1624	1	1624	38779	11592	9986	0.0
PvGapdh_promoter	c9b36ab7-9893-47bd-b527-e0346725da72	98.122	836	3	8	1624	1	851	38779	31422	30583	0.0
PvGapdh_promoter	c9b36ab7-9893-47bd-b527-e0346725da72	97.359	848	6	14	1624	1	867	38779	18650	17793	0.0
PvGapdh_promoter	c9b36ab7-9893-47bd-b527-e0346725da72	97.529	829	7	9	1624	1	848	38779	24568	25405	0.0
PvGapdh_promoter	c9b36ab7-9893-47bd-b527-e0346725da72	99.178	724	1	3	1624	1	726	38779	29848	30576	0.0
PvGapdh_promoter	c9b36ab7-9893-47bd-b527-e0346725da72	97.456	728	7	10	1624	885	1624	38779	23878	23137	0.0
PvGapdh_promoter	c9b36ab7-9893-47bd-b527-e0346725da72	95.989	718	11	17	1624	1	737	38779	33555	32816	0.0
PvGapdh_promoter	c9b36ab7-9893-47bd-b527-e0346725da72	95.739	719	8	14	1624	880	1624	38779	38763	38031	0.0
PvGapdh_promoter	c9b36ab7-9893-47bd-b527-e0346725da72	97.633	660	1	7	1624	949	1618	38779	5547	4881	0.0
PvGapdh_promoter	c9b36ab7-9893-47bd-b527-e0346725da72	97.990	390	1	6	1624	962	1356	38779	32431	32824	0.0
PvGapdh_promoter	c9b36ab7-9893-47bd-b527-e0346725da72	96.386	400	4	9	1624	1	413	38779	406	1	0.0
PvGapdh_promoter	c9b36ab7-9893-47bd-b527-e0346725da72	95.714	134	3	2	1624	1485	1624	38779	23876	24012	5.41e-55
PvGapdh_promoter	01b9708c-81a7-47e2-8fac-4a34f6b83dba	98.099	1600	8	15	1624	1	1624	16864	3050	4664	0.0
PvGapdh_promoter	01b9708c-81a7-47e2-8fac-4a34f6b83dba	93.960	1540	36	43	1624	1	1624	16864	13430	11840	0.0
PvGapdh_promoter	01b9708c-81a7-47e2-8fac-4a34f6b83dba	98.366	843	1	5	1624	1	854	16864	8545	9391	0.0
PvGapdh_promoter	01b9708c-81a7-47e2-8fac-4a34f6b83dba	98.351	835	2	11	1624	780	1624	16864	1097	1937	0.0
PvGapdh_promoter	01b9708c-81a7-47e2-8fac-4a34f6b83dba	97.281	823	9	6	1624	1	845	16864	262	1094	0.0
PvGapdh_promoter	01b9708c-81a7-47e2-8fac-4a34f6b83dba	96.827	824	2	16	1624	1	848	16864	15343	14515	0.0
PvGapdh_promoter	01b9708c-81a7-47e2-8fac-4a34f6b83dba	98.764	719	2	5	1624	1	728	16864	6423	7143	0.0
PvGapdh_promoter	01b9708c-81a7-47e2-8fac-4a34f6b83dba	96.680	728	3	14	1624	885	1624	16864	16023	16766	0.0
PvGapdh_promoter	01b9708c-81a7-47e2-8fac-4a34f6b83dba	96.712	706	8	15	1624	1	726	16864	10109	9392	0.0
PvGapdh_promoter	01b9708c-81a7-47e2-8fac-4a34f6b83dba	99.499	397	0	2	1624	960	1356	16864	7542	7144	0.0
PvGapdh_promoter	01b9708c-81a7-47e2-8fac-4a34f6b83dba	98.571	138	0	1	1624	1485	1624	16864	16025	15888	3.21e-62
PvGapdh_promoter	9d8727b0-2168-4559-8412-bd677bc6821d	98.043	1603	4	16	1624	1	1624	36151	20358	21975	0.0
PvGapdh_promoter	9d8727b0-2168-4559-8412-bd677bc6821d	97.538	1585	8	19	1624	6	1624	36151	15568	17166	0.0
PvGapdh_promoter	9d8727b0-2168-4559-8412-bd677bc6821d	96.413	1586	12	32	1624	1	1624	36151	13583	11965	0.0
PvGapdh_promoter	9d8727b0-2168-4559-8412-bd677bc6821d	96.387	1574	14	32	1624	1	1624	36151	5578	3982	0.0
PvGapdh_promoter	9d8727b0-2168-4559-8412-bd677bc6821d	95.355	1560	34	30	1624	1	1624	36151	2880	1275	0.0
PvGapdh_promoter	9d8727b0-2168-4559-8412-bd677bc6821d	97.700	1444	8	15	1624	1	1469	36151	18278	19738	0.0
PvGapdh_promoter	9d8727b0-2168-4559-8412-bd677bc6821d	97.820	1301	6	19	1624	1	1320	36151	23082	24398	0.0
PvGapdh_promoter	9d8727b0-2168-4559-8412-bd677bc6821d	90.566	1296	40	52	1624	1	1415	36151	8862	10213	0.0
PvGapdh_promoter	9d8727b0-2168-4559-8412-bd677bc6821d	96.818	852	8	16	1624	1	878	36151	25260	24399	0.0
PvGapdh_promoter	9d8727b0-2168-4559-8412-bd677bc6821d	97.664	627	5	6	1624	1	640	36151	10849	10216	0.0
PvGapdh_promoter	9d8727b0-2168-4559-8412-bd677bc6821d	97.406	413	1	6	1624	1205	1624	36151	6715	7132	0.0
PvGapdh_promoter	9d8727b0-2168-4559-8412-bd677bc6821d	93.501	446	9	16	1624	1	467	36151	465	1	0.0
PvGapdh_promoter	84646807-2e6f-429c-8b02-292934a3b318	98.036	1597	10	13	1624	1	1624	59725	52057	53668	0.0
PvGapdh_promoter	84646807-2e6f-429c-8b02-292934a3b318	97.367	1590	6	25	1624	1	1624	59725	55248	56852	0.0
PvGapdh_promoter	84646807-2e6f-429c-8b02-292934a3b318	97.782	485	2	7	1624	157	650	59725	57655	58143	0.0
PvGapdh_promoter	84646807-2e6f-429c-8b02-292934a3b318	95.502	276	4	4	1624	1	289	59725	59431	59710	1.76e-124
PvGapdh_promoter	84646807-2e6f-429c-8b02-292934a3b318	100.000	98	0	0	1624	1527	1624	59725	54041	54138	9.19e-43
PvGapdh_promoter	84646807-2e6f-429c-8b02-292934a3b318	100.000	78	0	0	1624	1547	1624	59725	58251	58328	1.21e-31
PvGapdh_promoter	7e76c03c-a1af-4262-bfdc-e945447f7f11	98.741	1569	5	10	1624	43	1624	36468	306	1886	0.0
PvGapdh_promoter	7e76c03c-a1af-4262-bfdc-e945447f7f11	97.858	1599	13	17	1624	1	1624	36468	13436	11815	0.0
PvGapdh_promoter	7e76c03c-a1af-4262-bfdc-e945447f7f11	97.673	1595	8	24	1624	1	1624	36468	16656	15045	0.0
PvGapdh_promoter	7e76c03c-a1af-4262-bfdc-e945447f7f11	97.670	1593	12	15	1624	1	1624	36468	31841	33452	0.0
PvGapdh_promoter	7e76c03c-a1af-4262-bfdc-e945447f7f11	97.551	1593	5	22	1624	1	1624	36468	2862	4468	0.0
PvGapdh_promoter	7e76c03c-a1af-4262-bfdc-e945447f7f11	95.732	1570	24	37	1624	1	1624	36468	9207	7598	0.0
PvGapdh_promoter	7e76c03c-a1af-4262-bfdc-e945447f7f11	98.456	1403	5	14	1624	1	1419	36468	34950	33537	0.0
PvGapdh_promoter	7e76c03c-a1af-4262-bfdc-e945447f7f11	96.184	983	13	13	1624	54	1070	36468	30309	29309	0.0
PvGapdh_promoter	7e76c03c-a1af-4262-bfdc-e945447f7f11	85.265	1221	63	82	1624	1	1419	36468	5850	4554	0.0
PvGapdh_promoter	7e76c03c-a1af-4262-bfdc-e945447f7f11	99.636	547	0	2	1624	1076	1624	36468	30318	30864	0.0
PvGapdh_promoter	7e76c03c-a1af-4262-bfdc-e945447f7f11	96.607	484	6	8	1624	154	650	36468	10994	10501	0.0
PvGapdh_promoter	7e76c03c-a1af-4262-bfdc-e945447f7f11	98.052	302	3	2	1624	521	828	36468	1	305	2.20e-148
PvGapdh_promoter	7e76c03c-a1af-4262-bfdc-e945447f7f11	99.531	212	0	1	1624	546	757	36468	29098	29310	1.81e-104
PvGapdh_promoter	7e76c03c-a1af-4262-bfdc-e945447f7f11	100.000	98	0	0	1624	1527	1624	36468	14649	14552	9.19e-43
PvGapdh_promoter	bd9af7fc-d44d-4ac6-b72b-05de7938ac8c	98.036	1597	4	20	1624	1	1624	13418	7785	6180	0.0
PvGapdh_promoter	bd9af7fc-d44d-4ac6-b72b-05de7938ac8c	97.178	1584	11	27	1624	1	1624	13418	4588	2988	0.0
PvGapdh_promoter	bd9af7fc-d44d-4ac6-b72b-05de7938ac8c	98.390	489	2	3	1624	154	650	13418	2183	1693	0.0
PvGapdh_promoter	bd9af7fc-d44d-4ac6-b72b-05de7938ac8c	98.798	411	0	4	1624	1	415	13418	412	1	0.0
PvGapdh_promoter	bd9af7fc-d44d-4ac6-b72b-05de7938ac8c	96.939	95	2	1	1624	1527	1624	13418	5784	5688	3.33e-37
PvGapdh_promoter	b5503779-2236-4d8c-aed5-440f5010dfa5	97.978	1599	5	18	1624	1	1624	30198	20785	19174	0.0
PvGapdh_promoter	b5503779-2236-4d8c-aed5-440f5010dfa5	97.918	1599	8	16	1624	1	1623	30198	14340	15956	0.0
PvGapdh_promoter	b5503779-2236-4d8c-aed5-440f5010dfa5	97.557	1597	8	22	1624	1	1624	30198	25008	23391	0.0
PvGapdh_promoter	b5503779-2236-4d8c-aed5-440f5010dfa5	97.669	1592	9	24	1624	1	1620	30198	28229	26619	0.0
PvGapdh_promoter	b5503779-2236-4d8c-aed5-440f5010dfa5	91.105	1311	41	69	1624	6	1419	30198	17419	16043	0.0
PvGapdh_promoter	b5503779-2236-4d8c-aed5-440f5010dfa5	97.350	992	7	12	1624	54	1070	30198	12815	11815	0.0
PvGapdh_promoter	b5503779-2236-4d8c-aed5-440f5010dfa5	96.915	534	1	12	1624	1076	1622	30198	12824	13362	0.0
PvGapdh_promoter	b5503779-2236-4d8c-aed5-440f5010dfa5	96.436	487	6	8	1624	154	650	30198	22582	22082	0.0
PvGapdh_promoter	b5503779-2236-4d8c-aed5-440f5010dfa5	99.531	212	0	1	1624	546	757	30198	11604	11816	1.81e-104
PvGapdh_promoter	b5503779-2236-4d8c-aed5-440f5010dfa5	100.000	98	0	0	1624	1527	1624	30198	26221	26124	9.19e-43
PvGapdh_promoter	1afede63-190a-4271-966c-a14f2073a41b	97.861	1601	12	17	1624	1	1624	15703	4629	6253	0.0
PvGapdh_promoter	1afede63-190a-4271-966c-a14f2073a41b	97.176	1445	11	19	1624	1	1471	15703	2533	4004	0.0
PvGapdh_promoter	1afede63-190a-4271-966c-a14f2073a41b	96.825	1403	13	21	1624	189	1624	15703	2	1430	0.0
PvGapdh_promoter	1afede63-190a-4271-966c-a14f2073a41b	97.076	1295	12	18	1624	1	1320	15703	7366	8686	0.0
PvGapdh_promoter	1afede63-190a-4271-966c-a14f2073a41b	97.619	861	8	9	1624	1	878	15703	9559	8687	0.0
PvGapdh_promoter	14fab71a-8805-485e-ad19-8332dc26ccc7	97.855	1597	9	19	1624	1	1624	18523	15427	13814	0.0
PvGapdh_promoter	14fab71a-8805-485e-ad19-8332dc26ccc7	97.494	1595	5	21	1624	1	1624	18523	8006	6395	0.0
PvGapdh_promoter	14fab71a-8805-485e-ad19-8332dc26ccc7	96.998	1583	8	22	1624	1	1624	18523	12218	10620	0.0
PvGapdh_promoter	14fab71a-8805-485e-ad19-8332dc26ccc7	96.936	1582	13	24	1624	1	1624	18523	1596	3198	0.0
PvGapdh_promoter	14fab71a-8805-485e-ad19-8332dc26ccc7	89.924	1294	54	58	1624	1	1419	18523	4650	3283	0.0
PvGapdh_promoter	14fab71a-8805-485e-ad19-8332dc26ccc7	97.636	537	2	8	1624	1076	1624	18523	90	629	0.0
PvGapdh_promoter	14fab71a-8805-485e-ad19-8332dc26ccc7	98.387	488	3	4	1624	156	650	18523	9802	9311	0.0
PvGapdh_promoter	14fab71a-8805-485e-ad19-8332dc26ccc7	100.000	98	0	0	1624	1527	1624	18523	13423	13326	9.19e-43
PvGapdh_promoter	14fab71a-8805-485e-ad19-8332dc26ccc7	98.876	88	0	1	1624	49	136	18523	89	1	1.55e-35
PvGapdh_promoter	14fab71a-8805-485e-ad19-8332dc26ccc7	100.000	78	0	0	1624	1547	1624	18523	9203	9126	1.21e-31
PvGapdh_promoter	89dd6e52-b7e4-4718-86ab-a3fbb4e276ec	97.795	1597	10	19	1624	1	1624	10148	9390	7775	0.0
PvGapdh_promoter	89dd6e52-b7e4-4718-86ab-a3fbb4e276ec	97.275	1321	9	15	1624	1	1350	10148	1338	1	0.0
PvGapdh_promoter	89dd6e52-b7e4-4718-86ab-a3fbb4e276ec	91.684	1323	42	51	1624	1	1415	10148	4629	6021	0.0
PvGapdh_promoter	89dd6e52-b7e4-4718-86ab-a3fbb4e276ec	98.609	638	0	6	1624	1	646	10148	6659	6021	0.0
PvGapdh_promoter	89dd6e52-b7e4-4718-86ab-a3fbb4e276ec	97.872	414	1	5	1624	1205	1624	10148	2467	2884	0.0
PvGapdh_promoter	b5043308-f58f-40cc-9786-23d378f53481	97.737	1598	14	14	1624	1	1624	14776	2996	4618	0.0
PvGapdh_promoter	b5043308-f58f-40cc-9786-23d378f53481	96.760	1583	18	26	1624	1	1624	14776	8512	10124	0.0
PvGapdh_promoter	b5043308-f58f-40cc-9786-23d378f53481	98.107	829	4	8	1624	780	1624	14776	6576	7408	0.0
PvGapdh_promoter	b5043308-f58f-40cc-9786-23d378f53481	97.506	821	6	10	1624	1	837	14776	5732	6563	0.0
PvGapdh_promoter	b5043308-f58f-40cc-9786-23d378f53481	97.704	766	5	7	1624	1	776	14776	13981	14759	0.0
PvGapdh_promoter	b5043308-f58f-40cc-9786-23d378f53481	98.493	719	0	7	1624	895	1624	14776	537	1255	0.0
PvGapdh_promoter	b5043308-f58f-40cc-9786-23d378f53481	97.279	715	5	10	1624	1	728	14776	11853	12579	0.0
PvGapdh_promoter	b5043308-f58f-40cc-9786-23d378f53481	97.970	531	5	6	1624	756	1292	14776	1	541	0.0
PvGapdh_promoter	b5043308-f58f-40cc-9786-23d378f53481	97.236	387	5	6	1624	960	1356	14776	12972	12580	0.0
PvGapdh_promoter	e197d6ca-9585-4d99-8149-28068f54e4d3	97.738	1599	6	20	1624	1	1624	38559	23274	21658	0.0
PvGapdh_promoter	e197d6ca-9585-4d99-8149-28068f54e4d3	97.417	1584	11	22	1624	1	1623	38559	26472	24875	0.0
PvGapdh_promoter	e197d6ca-9585-4d99-8149-28068f54e4d3	96.768	1587	16	30	1624	1	1624	38559	12642	14260	0.0
PvGapdh_promoter	e197d6ca-9585-4d99-8149-28068f54e4d3	96.814	1580	11	28	1624	1	1624	38559	4544	6142	0.0
PvGapdh_promoter	e197d6ca-9585-4d99-8149-28068f54e4d3	96.571	1577	12	26	1624	1	1624	38559	19079	17482	0.0
PvGapdh_promoter	e197d6ca-9585-4d99-8149-28068f54e4d3	96.679	1543	12	30	1624	41	1624	38559	10101	11667	0.0
PvGapdh_promoter	e197d6ca-9585-4d99-8149-28068f54e4d3	95.087	1587	17	33	1624	1	1624	38559	1788	3436	0.0
PvGapdh_promoter	e197d6ca-9585-4d99-8149-28068f54e4d3	94.615	1353	20	42	1624	1	1419	38559	15732	14349	0.0
PvGapdh_promoter	e197d6ca-9585-4d99-8149-28068f54e4d3	97.786	795	5	6	1624	16	824	38559	9295	10098	0.0
PvGapdh_promoter	e197d6ca-9585-4d99-8149-28068f54e4d3	97.372	741	4	9	1624	1	757	38559	7869	8617	0.0
PvGapdh_promoter	e197d6ca-9585-4d99-8149-28068f54e4d3	93.750	615	8	21	1624	37	689	38559	9255	8630	0.0
PvGapdh_promoter	e197d6ca-9585-4d99-8149-28068f54e4d3	97.796	488	4	6	1624	154	650	38559	20854	20361	0.0
PvGapdh_promoter	e197d6ca-9585-4d99-8149-28068f54e4d3	95.918	94	3	1	1624	1527	1624	38559	24486	24390	1.55e-35
PvGapdh_promoter	e197d6ca-9585-4d99-8149-28068f54e4d3	100.000	78	0	0	1624	1547	1624	38559	20256	20179	1.21e-31
PvGapdh_promoter	62f980e4-9637-4a6a-9357-4cdc8675d5d8	97.795	1597	4	22	1624	1	1624	13836	9842	8233	0.0
PvGapdh_promoter	62f980e4-9637-4a6a-9357-4cdc8675d5d8	96.217	1577	16	33	1624	1	1624	13836	12566	10959	0.0
PvGapdh_promoter	62f980e4-9637-4a6a-9357-4cdc8675d5d8	95.856	1573	19	34	1624	1	1624	13836	4761	3153	0.0
PvGapdh_promoter	62f980e4-9637-4a6a-9357-4cdc8675d5d8	95.839	1359	12	13	1624	1	1383	13836	1406	1	0.0
PvGapdh_promoter	62f980e4-9637-4a6a-9357-4cdc8675d5d8	96.679	1048	6	20	1624	546	1624	13836	13829	12771	0.0
PvGapdh_promoter	62f980e4-9637-4a6a-9357-4cdc8675d5d8	96.755	656	4	10	1624	949	1622	13836	6539	5876	0.0
PvGapdh_promoter	45e95c47-8f0f-44dd-8d98-c080ff5d41f0	97.737	1598	6	20	1624	1	1624	56397	47657	49271	0.0
PvGapdh_promoter	45e95c47-8f0f-44dd-8d98-c080ff5d41f0	97.127	1589	17	25	1624	1	1624	56397	25229	26846	0.0
PvGapdh_promoter	45e95c47-8f0f-44dd-8d98-c080ff5d41f0	96.587	1585	14	30	1624	1	1624	56397	23237	21622	0.0
PvGapdh_promoter	45e95c47-8f0f-44dd-8d98-c080ff5d41f0	96.856	1571	11	23	1624	1	1610	56397	18429	16836	0.0
PvGapdh_promoter	45e95c47-8f0f-44dd-8d98-c080ff5d41f0	96.634	1579	12	24	1624	1	1624	56397	42166	43766	0.0
PvGapdh_promoter	45e95c47-8f0f-44dd-8d98-c080ff5d41f0	96.251	1566	22	22	1624	5	1624	56397	33321	34915	0.0
PvGapdh_promoter	45e95c47-8f0f-44dd-8d98-c080ff5d41f0	95.438	1569	20	37	1624	1	1624	56397	36025	37633	0.0
PvGapdh_promoter	45e95c47-8f0f-44dd-8d98-c080ff5d41f0	96.575	1438	9	25	1624	1	1471	56397	20515	19051	0.0
PvGapdh_promoter	45e95c47-8f0f-44dd-8d98-c080ff5d41f0	96.486	1373	11	20	1624	1	1415	56397	29993	28602	0.0
PvGapdh_promoter	45e95c47-8f0f-44dd-8d98-c080ff5d41f0	96.536	1254	16	18	1624	1	1287	56397	38441	39722	0.0
PvGapdh_promoter	45e95c47-8f0f-44dd-8d98-c080ff5d41f0	89.265	1214	74	50	1624	1	1340	56397	15758	14451	0.0
PvGapdh_promoter	45e95c47-8f0f-44dd-8d98-c080ff5d41f0	98.073	865	3	9	1624	1	878	56397	13601	14472	0.0
PvGapdh_promoter	45e95c47-8f0f-44dd-8d98-c080ff5d41f0	97.316	834	8	7	1624	1	854	56397	53139	53983	0.0
PvGapdh_promoter	45e95c47-8f0f-44dd-8d98-c080ff5d41f0	96.483	823	9	15	1624	780	1624	56397	45711	46550	0.0
PvGapdh_promoter	45e95c47-8f0f-44dd-8d98-c080ff5d41f0	94.899	800	12	21	1624	16	845	56397	44884	45708	0.0
PvGapdh_promoter	45e95c47-8f0f-44dd-8d98-c080ff5d41f0	98.229	721	1	8	1624	1	728	56397	51014	51741	0.0
PvGapdh_promoter	45e95c47-8f0f-44dd-8d98-c080ff5d41f0	96.585	707	7	10	1624	895	1624	56397	39725	40440	0.0
PvGapdh_promoter	45e95c47-8f0f-44dd-8d98-c080ff5d41f0	95.406	623	9	10	1624	1	646	56397	27964	28602	0.0
PvGapdh_promoter	45e95c47-8f0f-44dd-8d98-c080ff5d41f0	97.257	390	2	7	1624	960	1356	56397	52137	51742	0.0
PvGapdh_promoter	45e95c47-8f0f-44dd-8d98-c080ff5d41f0	93.939	248	2	7	1624	1205	1463	56397	32186	31932	1.81e-104
PvGapdh_promoter	45e95c47-8f0f-44dd-8d98-c080ff5d41f0	94.565	174	1	8	1624	547	726	56397	54162	53984	4.10e-71
PvGapdh_promoter	45e95c47-8f0f-44dd-8d98-c080ff5d41f0	92.771	154	5	7	1624	1460	1624	56397	31897	31738	2.50e-58
PvGapdh_promoter	45e95c47-8f0f-44dd-8d98-c080ff5d41f0	85.141	212	13	17	1624	235	483	56397	54414	54190	2.50e-58
PvGapdh_promoter	45e95c47-8f0f-44dd-8d98-c080ff5d41f0	87.440	181	12	10	1624	1	205	56397	54610	54416	4.19e-56
PvGapdh_promoter	4df10e6d-283f-47fc-8fbe-745d8ad8c3b9	97.673	1595	14	17	1624	1	1624	15590	14329	12712	0.0
PvGapdh_promoter	4df10e6d-283f-47fc-8fbe-745d8ad8c3b9	96.344	1581	17	32	1624	1	1624	15590	8810	7196	0.0
PvGapdh_promoter	4df10e6d-283f-47fc-8fbe-745d8ad8c3b9	97.885	833	9	7	1624	1	845	15590	11598	10751	0.0
PvGapdh_promoter	4df10e6d-283f-47fc-8fbe-745d8ad8c3b9	97.281	823	0	13	1624	780	1624	15590	10748	9925	0.0
PvGapdh_promoter	4df10e6d-283f-47fc-8fbe-745d8ad8c3b9	97.568	722	8	7	1624	1	737	15590	5449	4717	0.0
PvGapdh_promoter	4df10e6d-283f-47fc-8fbe-745d8ad8c3b9	96.443	705	10	13	1624	1	726	15590	1812	2531	0.0
PvGapdh_promoter	4df10e6d-283f-47fc-8fbe-745d8ad8c3b9	88.606	661	29	38	1624	126	854	15590	3238	2532	0.0
PvGapdh_promoter	4df10e6d-283f-47fc-8fbe-745d8ad8c3b9	97.733	388	1	6	1624	960	1351	15590	4325	4718	0.0
PvGapdh_promoter	859fc54f-f73f-4b11-9729-de693b42d88d	97.616	1597	13	21	1624	1	1624	36561	23732	22111	0.0
PvGapdh_promoter	859fc54f-f73f-4b11-9729-de693b42d88d	97.787	1591	11	16	1624	1	1624	36561	33217	31613	0.0
PvGapdh_promoter	859fc54f-f73f-4b11-9729-de693b42d88d	96.575	1579	12	27	1624	1	1624	36561	30006	28405	0.0
PvGapdh_promoter	859fc54f-f73f-4b11-9729-de693b42d88d	95.892	1424	13	28	1624	1	1469	36561	25807	24355	0.0
PvGapdh_promoter	859fc54f-f73f-4b11-9729-de693b42d88d	89.094	1209	65	55	1624	1	1340	36561	21028	19738	0.0
PvGapdh_promoter	859fc54f-f73f-4b11-9729-de693b42d88d	96.956	828	7	10	1624	33	878	36561	18917	19759	0.0
PvGapdh_promoter	859fc54f-f73f-4b11-9729-de693b42d88d	97.395	486	2	7	1624	154	650	36561	27590	27101	0.0
PvGapdh_promoter	859fc54f-f73f-4b11-9729-de693b42d88d	97.959	96	0	2	1624	1527	1624	36561	31218	31123	7.15e-39
PvGapdh_promoter	5f86487b-e468-45dd-a166-9f6796b4f69b	97.612	1594	18	19	1624	3	1624	46118	36006	37628	0.0
PvGapdh_promoter	5f86487b-e468-45dd-a166-9f6796b4f69b	97.259	1597	11	20	1624	1	1624	46118	24348	25973	0.0
PvGapdh_promoter	5f86487b-e468-45dd-a166-9f6796b4f69b	97.299	1585	14	22	1624	1	1624	46118	6842	5239	0.0
PvGapdh_promoter	5f86487b-e468-45dd-a166-9f6796b4f69b	96.820	1583	9	30	1624	1	1624	46118	11623	10021	0.0
PvGapdh_promoter	5f86487b-e468-45dd-a166-9f6796b4f69b	96.804	1575	22	24	1624	1	1619	46118	13586	15190	0.0
PvGapdh_promoter	5f86487b-e468-45dd-a166-9f6796b4f69b	96.086	1571	17	29	1624	1	1624	46118	30508	32106	0.0
PvGapdh_promoter	5f86487b-e468-45dd-a166-9f6796b4f69b	95.828	1562	25	28	1624	1	1624	46118	21645	23237	0.0
PvGapdh_promoter	5f86487b-e468-45dd-a166-9f6796b4f69b	96.818	1430	11	21	1624	1	1471	46118	8909	7463	0.0
PvGapdh_promoter	5f86487b-e468-45dd-a166-9f6796b4f69b	96.797	1390	10	22	1624	1	1415	46118	18361	16941	0.0
PvGapdh_promoter	5f86487b-e468-45dd-a166-9f6796b4f69b	98.041	1301	8	13	1624	1	1320	46118	4123	2808	0.0
PvGapdh_promoter	5f86487b-e468-45dd-a166-9f6796b4f69b	98.460	1279	1	14	1624	1	1292	46118	26778	28064	0.0
PvGapdh_promoter	5f86487b-e468-45dd-a166-9f6796b4f69b	98.405	864	1	6	1624	1	878	46118	1943	2807	0.0
PvGapdh_promoter	5f86487b-e468-45dd-a166-9f6796b4f69b	98.256	845	3	10	1624	1	854	46118	41493	42346	0.0
PvGapdh_promoter	5f86487b-e468-45dd-a166-9f6796b4f69b	97.412	828	8	12	1624	1	845	46118	33225	34065	0.0
PvGapdh_promoter	5f86487b-e468-45dd-a166-9f6796b4f69b	96.945	825	7	12	1624	782	1624	46118	34069	34908	0.0
PvGapdh_promoter	5f86487b-e468-45dd-a166-9f6796b4f69b	97.671	713	3	9	1624	1	728	46118	39374	40091	0.0
PvGapdh_promoter	5f86487b-e468-45dd-a166-9f6796b4f69b	97.401	712	9	6	1624	895	1624	46118	28060	28781	0.0
PvGapdh_promoter	5f86487b-e468-45dd-a166-9f6796b4f69b	98.003	638	0	9	1624	1	646	46118	16299	16941	0.0
PvGapdh_promoter	5f86487b-e468-45dd-a166-9f6796b4f69b	87.940	649	34	37	1624	3	726	46118	43043	42347	0.0
PvGapdh_promoter	5f86487b-e468-45dd-a166-9f6796b4f69b	97.625	411	2	6	1624	1205	1624	46118	20522	20109	0.0
PvGapdh_promoter	5f86487b-e468-45dd-a166-9f6796b4f69b	97.512	392	5	5	1624	960	1356	46118	40493	40092	0.0
PvGapdh_promoter	5f86487b-e468-45dd-a166-9f6796b4f69b	81.818	207	19	16	1624	1325	1577	46118	44861	44636	1.97e-44
PvGapdh_promoter	465dba9f-b1a2-4c2f-81f0-9551fed6b0eb	97.621	1600	5	22	1624	1	1624	29715	27864	26245	0.0
PvGapdh_promoter	465dba9f-b1a2-4c2f-81f0-9551fed6b0eb	97.548	1591	16	19	1624	1	1624	29715	5844	7457	0.0
PvGapdh_promoter	465dba9f-b1a2-4c2f-81f0-9551fed6b0eb	97.430	1592	12	18	1624	1	1624	29715	9048	10661	0.0
PvGapdh_promoter	465dba9f-b1a2-4c2f-81f0-9551fed6b0eb	96.998	1583	17	20	1624	1	1624	29715	13244	14851	0.0
PvGapdh_promoter	465dba9f-b1a2-4c2f-81f0-9551fed6b0eb	97.606	1549	10	16	1624	43	1622	29715	22253	20688	0.0
PvGapdh_promoter	465dba9f-b1a2-4c2f-81f0-9551fed6b0eb	96.499	1571	15	26	1624	1	1624	29715	19713	18124	0.0
PvGapdh_promoter	465dba9f-b1a2-4c2f-81f0-9551fed6b0eb	98.454	1401	7	10	1624	1	1419	29715	16628	18039	0.0
PvGapdh_promoter	465dba9f-b1a2-4c2f-81f0-9551fed6b0eb	98.579	763	2	6	1624	1	768	29715	24491	23721	0.0
PvGapdh_promoter	465dba9f-b1a2-4c2f-81f0-9551fed6b0eb	95.553	795	13	20	1624	1	828	29715	23065	22254	0.0
PvGapdh_promoter	465dba9f-b1a2-4c2f-81f0-9551fed6b0eb	98.077	714	0	9	1624	903	1624	29715	29700	28981	0.0
PvGapdh_promoter	465dba9f-b1a2-4c2f-81f0-9551fed6b0eb	93.750	615	11	14	1624	37	689	29715	23092	23720	0.0
PvGapdh_promoter	465dba9f-b1a2-4c2f-81f0-9551fed6b0eb	92.927	473	10	17	1624	157	651	29715	11468	11964	0.0
PvGapdh_promoter	dc789a0d-1166-4135-ae7f-3da5bc2812c7	97.666	1590	19	14	1624	1	1624	55527	1893	3505	0.0
PvGapdh_promoter	6b59e8af-6b9f-4f27-9d9f-f8fe59a28642	97.610	1593	14	19	1624	1	1624	13454	5814	4200	0.0
PvGapdh_promoter	6b59e8af-6b9f-4f27-9d9f-f8fe59a28642	97.120	1585	15	27	1624	1	1624	13454	10016	8409	0.0
PvGapdh_promoter	6b59e8af-6b9f-4f27-9d9f-f8fe59a28642	97.062	1586	12	29	1624	1	1624	13454	13232	11625	0.0
PvGapdh_promoter	6b59e8af-6b9f-4f27-9d9f-f8fe59a28642	97.040	1377	18	19	1624	1	1406	13454	2453	1046	0.0
PvGapdh_promoter	6b59e8af-6b9f-4f27-9d9f-f8fe59a28642	97.193	935	11	11	1624	670	1624	13454	1	953	0.0
PvGapdh_promoter	6b59e8af-6b9f-4f27-9d9f-f8fe59a28642	97.384	484	3	7	1624	154	650	13454	7595	7109	0.0
PvGapdh_promoter	6b59e8af-6b9f-4f27-9d9f-f8fe59a28642	100.000	98	0	0	1624	1527	1624	13454	11232	11135	9.19e-43
PvGapdh_promoter	6b59e8af-6b9f-4f27-9d9f-f8fe59a28642	100.000	78	0	0	1624	1547	1624	13454	7002	6925	1.21e-31
PvGapdh_promoter	57214502-c639-4aa7-9d12-87a91358f7aa	97.554	1595	10	20	1624	1	1624	73492	56912	58527	0.0
PvGapdh_promoter	fed0d252-e223-49c8-9554-403e2c84f0c7	97.552	1594	13	25	1624	1	1624	25194	17297	18913	0.0
PvGapdh_promoter	fed0d252-e223-49c8-9554-403e2c84f0c7	97.437	1597	5	24	1624	1	1624	25194	20516	22132	0.0
PvGapdh_promoter	fed0d252-e223-49c8-9554-403e2c84f0c7	95.800	479	6	7	1624	154	646	25194	22937	23428	0.0
PvGapdh_promoter	fed0d252-e223-49c8-9554-403e2c84f0c7	98.990	98	0	1	1624	1527	1624	25194	19311	19409	4.28e-41
PvGapdh_promoter	44a5bc74-31e1-4a4e-8124-912470760c81	97.492	1594	16	13	1624	1	1624	32459	4317	5937	0.0
PvGapdh_promoter	1d80424c-e5a7-4729-9450-98a30c8ce076	97.551	1593	12	14	1624	1	1624	38410	20613	22226	0.0
PvGapdh_promoter	1d80424c-e5a7-4729-9450-98a30c8ce076	97.009	1589	17	24	1624	1	1624	38410	1252	2871	0.0
PvGapdh_promoter	1d80424c-e5a7-4729-9450-98a30c8ce076	96.827	1587	20	25	1624	1	1624	38410	12362	13983	0.0
PvGapdh_promoter	1d80424c-e5a7-4729-9450-98a30c8ce076	96.274	1576	14	33	1624	1	1624	38410	31269	29667	0.0
PvGapdh_promoter	1d80424c-e5a7-4729-9450-98a30c8ce076	96.210	1574	16	33	1624	1	1624	38410	27065	25464	0.0
PvGapdh_promoter	1d80424c-e5a7-4729-9450-98a30c8ce076	95.378	1589	16	18	1624	1	1624	38410	9609	11255	0.0
PvGapdh_promoter	1d80424c-e5a7-4729-9450-98a30c8ce076	95.607	1567	29	29	1624	1	1624	38410	34475	32865	0.0
PvGapdh_promoter	1d80424c-e5a7-4729-9450-98a30c8ce076	96.296	1378	14	32	1624	1	1419	38410	23714	22311	0.0
PvGapdh_promoter	1d80424c-e5a7-4729-9450-98a30c8ce076	93.786	966	20	24	1624	1	1009	38410	6362	7368	0.0
PvGapdh_promoter	1d80424c-e5a7-4729-9450-98a30c8ce076	97.829	811	3	9	1624	43	866	38410	17953	18771	0.0
PvGapdh_promoter	1d80424c-e5a7-4729-9450-98a30c8ce076	96.882	808	4	13	1624	1	828	38410	17135	17952	0.0
PvGapdh_promoter	1d80424c-e5a7-4729-9450-98a30c8ce076	96.997	743	7	8	1624	1	763	38410	15735	16487	0.0
PvGapdh_promoter	1d80424c-e5a7-4729-9450-98a30c8ce076	96.229	740	10	18	1624	869	1623	38410	18871	19634	0.0
PvGapdh_promoter	1d80424c-e5a7-4729-9450-98a30c8ce076	97.353	662	6	10	1624	949	1624	38410	4573	5244	0.0
PvGapdh_promoter	1d80424c-e5a7-4729-9450-98a30c8ce076	90.840	595	7	24	1624	42	689	38410	17102	16494	0.0
PvGapdh_promoter	1d80424c-e5a7-4729-9450-98a30c8ce076	95.706	468	10	8	1624	154	638	38410	28858	28377	0.0
PvGapdh_promoter	1d80424c-e5a7-4729-9450-98a30c8ce076	97.297	144	0	3	1624	1478	1624	38410	1	145	8.93e-63
PvGapdh_promoter	1d80424c-e5a7-4729-9450-98a30c8ce076	97.826	90	1	1	1624	1533	1624	38410	32467	32377	1.55e-35
PvGapdh_promoter	46c6a8c2-a659-4b13-96ec-5abfcacb9bae	97.489	1592	16	16	1624	1	1624	27803	19516	21132	0.0
PvGapdh_promoter	5f637046-3287-4e52-9439-8b30e5c5fe11	97.378	1597	11	19	1624	1	1624	9035	6212	4589	0.0
PvGapdh_promoter	5f637046-3287-4e52-9439-8b30e5c5fe11	96.244	820	13	13	1624	1	844	9035	492	1332	0.0
PvGapdh_promoter	5f637046-3287-4e52-9439-8b30e5c5fe11	99.396	494	0	2	1624	154	650	9035	3778	3285	0.0
PvGapdh_promoter	5f637046-3287-4e52-9439-8b30e5c5fe11	99.394	492	0	2	1624	157	650	9035	7998	7506	0.0
PvGapdh_promoter	5f637046-3287-4e52-9439-8b30e5c5fe11	83.715	694	39	41	1624	1	826	9035	2061	1326	0.0
PvGapdh_promoter	5f637046-3287-4e52-9439-8b30e5c5fe11	97.129	203	0	5	1624	1416	1624	9035	9020	8818	8.56e-93
PvGapdh_promoter	b67d7c3b-6956-49db-978f-e50eac702048	97.431	1593	11	19	1624	1	1624	30552	5333	6947	0.0
PvGapdh_promoter	b67d7c3b-6956-49db-978f-e50eac702048	97.420	1586	16	17	1624	1	1624	30552	10132	11737	0.0
PvGapdh_promoter	b67d7c3b-6956-49db-978f-e50eac702048	95.846	1569	18	30	1624	1	1624	30552	3351	1752	0.0
PvGapdh_promoter	b67d7c3b-6956-49db-978f-e50eac702048	97.766	1444	6	20	1624	1	1471	30552	8062	9517	0.0
PvGapdh_promoter	b67d7c3b-6956-49db-978f-e50eac702048	97.674	1302	5	17	1624	1	1320	30552	12846	14165	0.0
PvGapdh_promoter	b67d7c3b-6956-49db-978f-e50eac702048	97.848	864	2	11	1624	1	878	30552	15036	14166	0.0
PvGapdh_promoter	b67d7c3b-6956-49db-978f-e50eac702048	98.302	637	5	5	1624	1	644	30552	646	1	0.0
PvGapdh_promoter	b1337303-b223-4c6e-82f4-e8cb381a7679	97.425	1589	13	21	1624	1	1624	15514	11472	13080	0.0
PvGapdh_promoter	b1337303-b223-4c6e-82f4-e8cb381a7679	98.980	97	1	0	1624	1527	1624	15514	13479	13576	4.28e-41
PvGapdh_promoter	cb8d11a7-9b92-419a-a310-e2d976544791	97.258	1596	11	24	1624	1	1624	11808	8591	10214	0.0
PvGapdh_promoter	cb8d11a7-9b92-419a-a310-e2d976544791	100.000	98	0	0	1624	1527	1624	11808	10608	10705	9.19e-43
PvGapdh_promoter	2007c2b3-a646-4264-bbd4-dcdcec551ce5	97.422	1587	13	19	1624	1	1622	36529	29665	31271	0.0
PvGapdh_promoter	2007c2b3-a646-4264-bbd4-dcdcec551ce5	97.248	1590	13	23	1624	1	1624	36529	6949	8562	0.0
PvGapdh_promoter	2007c2b3-a646-4264-bbd4-dcdcec551ce5	97.122	1586	11	24	1624	1	1624	36529	10169	11774	0.0
PvGapdh_promoter	2007c2b3-a646-4264-bbd4-dcdcec551ce5	96.442	1572	16	24	1624	1	1624	36529	26473	28066	0.0
PvGapdh_promoter	2007c2b3-a646-4264-bbd4-dcdcec551ce5	95.828	1562	26	37	1624	1	1624	36529	33877	35470	0.0
PvGapdh_promoter	2007c2b3-a646-4264-bbd4-dcdcec551ce5	96.631	1463	21	21	1624	1	1510	36529	14367	15854	0.0
PvGapdh_promoter	2007c2b3-a646-4264-bbd4-dcdcec551ce5	97.796	488	3	4	1624	154	650	36529	32085	32577	0.0
PvGapdh_promoter	2007c2b3-a646-4264-bbd4-dcdcec551ce5	97.384	484	4	7	1624	157	650	36529	12581	13071	0.0
PvGapdh_promoter	2007c2b3-a646-4264-bbd4-dcdcec551ce5	100.000	98	0	0	1624	1527	1624	36529	28459	28556	9.19e-43
PvGapdh_promoter	2007c2b3-a646-4264-bbd4-dcdcec551ce5	97.959	96	0	1	1624	1527	1624	36529	8961	9056	7.15e-39
PvGapdh_promoter	2007c2b3-a646-4264-bbd4-dcdcec551ce5	100.000	78	0	0	1624	1547	1624	36529	32685	32762	1.21e-31
PvGapdh_promoter	121232dc-1521-4bf7-9214-a593853ba207	97.365	1589	14	21	1624	1	1624	48804	10508	8898	0.0
PvGapdh_promoter	0f1e242a-bb94-4e10-8eb9-c2d3f0e42934	98.113	1560	5	15	1624	43	1624	59135	9562	11134	0.0
PvGapdh_promoter	0f1e242a-bb94-4e10-8eb9-c2d3f0e42934	97.529	1579	11	18	1624	1	1612	59135	4004	5600	0.0
PvGapdh_promoter	0f1e242a-bb94-4e10-8eb9-c2d3f0e42934	99.072	854	1	3	1624	1	859	59135	1239	2096	0.0
PvGapdh_promoter	0f1e242a-bb94-4e10-8eb9-c2d3f0e42934	97.959	816	1	9	1624	1	828	59135	8740	9561	0.0
PvGapdh_promoter	0f1e242a-bb94-4e10-8eb9-c2d3f0e42934	98.703	761	3	5	1624	1	768	59135	7325	8091	0.0
PvGapdh_promoter	0f1e242a-bb94-4e10-8eb9-c2d3f0e42934	96.675	785	5	14	1624	830	1624	59135	2097	2903	0.0
PvGapdh_promoter	0f1e242a-bb94-4e10-8eb9-c2d3f0e42934	89.275	591	21	28	1624	37	689	59135	8712	8092	0.0
PvGapdh_promoter	45becf8d-2afb-47d8-bc4c-f0f381089a3d	97.309	1591	8	27	1624	1	1624	127389	10960	9351	0.0
PvGapdh_promoter	45becf8d-2afb-47d8-bc4c-f0f381089a3d	96.628	1576	18	28	1624	1	1624	127389	7754	6154	0.0
PvGapdh_promoter	45becf8d-2afb-47d8-bc4c-f0f381089a3d	89.787	1222	44	66	1624	1	1340	127389	5166	3880	0.0
PvGapdh_promoter	45becf8d-2afb-47d8-bc4c-f0f381089a3d	91.051	814	28	38	1624	1	878	127389	3044	3901	0.0
PvGapdh_promoter	45becf8d-2afb-47d8-bc4c-f0f381089a3d	100.000	98	0	0	1624	1527	1624	127389	8959	8862	9.19e-43
PvGapdh_promoter	c1c708fa-f331-4485-a58d-e18a90434e12	97.254	1594	6	28	1624	1	1624	46333	12521	10907	0.0
PvGapdh_promoter	c1c708fa-f331-4485-a58d-e18a90434e12	97.003	1586	9	28	1624	1	1624	46333	15720	14115	0.0
PvGapdh_promoter	c1c708fa-f331-4485-a58d-e18a90434e12	96.245	1589	9	37	1624	1	1624	46333	1918	3542	0.0
PvGapdh_promoter	c1c708fa-f331-4485-a58d-e18a90434e12	96.119	1585	12	35	1624	1	1624	46333	8336	6715	0.0
PvGapdh_promoter	c1c708fa-f331-4485-a58d-e18a90434e12	88.550	1276	48	77	1624	1	1419	46333	4971	3626	0.0
PvGapdh_promoter	c1c708fa-f331-4485-a58d-e18a90434e12	97.297	540	5	6	1624	1076	1624	46333	392	942	0.0
PvGapdh_promoter	c1c708fa-f331-4485-a58d-e18a90434e12	94.589	472	6	15	1624	154	650	46333	10103	9624	0.0
PvGapdh_promoter	c1c708fa-f331-4485-a58d-e18a90434e12	94.802	383	3	11	1624	49	449	46333	389	1	7.64e-173
PvGapdh_promoter	c1c708fa-f331-4485-a58d-e18a90434e12	94.898	93	0	4	1624	1527	1624	46333	13719	13627	9.32e-33
PvGapdh_promoter	9aee2f10-fe26-4257-9dd5-bde9273ef52b	97.248	1590	14	21	1624	1	1624	21325	4861	6475	0.0
PvGapdh_promoter	17b52b7a-dd81-48c5-98f6-1eaefba63c17	97.190	1591	13	24	1624	1	1624	34378	31490	33106	0.0
PvGapdh_promoter	17b52b7a-dd81-48c5-98f6-1eaefba63c17	96.839	1593	18	24	1624	1	1624	34378	22185	20554	0.0
PvGapdh_promoter	17b52b7a-dd81-48c5-98f6-1eaefba63c17	95.900	1567	25	25	1624	1	1624	34378	17376	15775	0.0
PvGapdh_promoter	17b52b7a-dd81-48c5-98f6-1eaefba63c17	95.192	1564	19	39	1624	1	1615	34378	24159	25769	0.0
PvGapdh_promoter	17b52b7a-dd81-48c5-98f6-1eaefba63c17	97.281	1431	11	17	1624	4	1471	34378	19443	17999	0.0
PvGapdh_promoter	17b52b7a-dd81-48c5-98f6-1eaefba63c17	92.433	1075	31	46	1624	1	1154	34378	28194	27080	0.0
PvGapdh_promoter	17b52b7a-dd81-48c5-98f6-1eaefba63c17	98.188	867	7	7	1624	1	878	34378	12619	13497	0.0
PvGapdh_promoter	17b52b7a-dd81-48c5-98f6-1eaefba63c17	96.029	532	7	12	1624	792	1340	34378	14019	13476	0.0
PvGapdh_promoter	17b52b7a-dd81-48c5-98f6-1eaefba63c17	95.962	404	8	6	1624	1205	1624	34378	30348	29936	0.0
PvGapdh_promoter	17b52b7a-dd81-48c5-98f6-1eaefba63c17	84.187	575	42	49	1624	1	653	34378	14694	14048	1.65e-169
PvGapdh_promoter	17b52b7a-dd81-48c5-98f6-1eaefba63c17	96.447	190	3	3	1624	1	196	34378	26868	27061	5.19e-85
PvGapdh_promoter	ae2b8882-583e-46cf-af59-a24464d62435	97.302	1587	11	21	1624	1	1624	30318	15788	14184	0.0
PvGapdh_promoter	ae2b8882-583e-46cf-af59-a24464d62435	97.357	1584	9	23	1624	1	1617	30318	1347	2949	0.0
PvGapdh_promoter	ae2b8882-583e-46cf-af59-a24464d62435	97.124	1587	13	24	1624	1	1624	30318	21893	20284	0.0
PvGapdh_promoter	ae2b8882-583e-46cf-af59-a24464d62435	96.758	1582	14	22	1624	1	1623	30318	26988	25381	0.0
PvGapdh_promoter	ae2b8882-583e-46cf-af59-a24464d62435	95.607	1567	30	31	1624	1	1624	30318	29706	28095	0.0
PvGapdh_promoter	ae2b8882-583e-46cf-af59-a24464d62435	98.458	1405	4	13	1624	1	1419	30318	4694	6110	0.0
PvGapdh_promoter	ae2b8882-583e-46cf-af59-a24464d62435	94.294	1570	26	32	1624	1	1624	30318	18529	16893	0.0
PvGapdh_promoter	ae2b8882-583e-46cf-af59-a24464d62435	94.379	1511	36	37	1624	43	1624	30318	10180	8615	0.0
PvGapdh_promoter	ae2b8882-583e-46cf-af59-a24464d62435	97.727	817	2	13	1624	1	828	30318	11007	10181	0.0
PvGapdh_promoter	ae2b8882-583e-46cf-af59-a24464d62435	97.656	750	6	9	1624	1	768	30318	12435	11680	0.0
PvGapdh_promoter	ae2b8882-583e-46cf-af59-a24464d62435	86.798	927	38	57	1624	576	1624	30318	7178	6195	0.0
PvGapdh_promoter	ae2b8882-583e-46cf-af59-a24464d62435	96.956	637	5	10	1624	37	689	30318	11034	11679	0.0
PvGapdh_promoter	ae2b8882-583e-46cf-af59-a24464d62435	95.633	657	5	14	1624	949	1624	30318	23673	23001	0.0
PvGapdh_promoter	ae2b8882-583e-46cf-af59-a24464d62435	96.465	382	3	7	1624	1229	1624	30318	30304	29920	0.0
PvGapdh_promoter	ae2b8882-583e-46cf-af59-a24464d62435	79.650	364	21	32	1624	1	452	30318	7640	7251	3.19e-67
PvGapdh_promoter	87e8ebc4-1a95-4797-ad68-4f079423ca93	97.132	1592	15	20	1624	1	1624	35094	627	2248	0.0
PvGapdh_promoter	87e8ebc4-1a95-4797-ad68-4f079423ca93	94.544	1265	30	27	1624	1	1320	35094	3355	4667	0.0
PvGapdh_promoter	87e8ebc4-1a95-4797-ad68-4f079423ca93	92.040	821	26	30	1624	1	878	35094	5528	4668	0.0
PvGapdh_promoter	25faf13c-2642-4704-98d2-a42d1e353984	97.127	1589	18	23	1624	1	1624	59015	19488	17870	0.0
PvGapdh_promoter	25faf13c-2642-4704-98d2-a42d1e353984	96.938	1583	14	24	1624	1	1624	59015	37740	39345	0.0
PvGapdh_promoter	25faf13c-2642-4704-98d2-a42d1e353984	96.509	1576	16	25	1624	1	1624	59015	818	2418	0.0
PvGapdh_promoter	25faf13c-2642-4704-98d2-a42d1e353984	96.242	1562	7	28	1624	6	1618	59015	44010	42432	0.0
PvGapdh_promoter	25faf13c-2642-4704-98d2-a42d1e353984	95.844	1568	23	31	1624	1	1624	59015	22683	21081	0.0
PvGapdh_promoter	25faf13c-2642-4704-98d2-a42d1e353984	95.706	1560	18	35	1624	1	1624	59015	51383	49800	0.0
PvGapdh_promoter	25faf13c-2642-4704-98d2-a42d1e353984	95.247	1563	32	31	1624	1	1624	59015	8888	10499	0.0
PvGapdh_promoter	25faf13c-2642-4704-98d2-a42d1e353984	95.224	1555	25	37	1624	6	1624	59015	15278	13685	0.0
PvGapdh_promoter	25faf13c-2642-4704-98d2-a42d1e353984	94.100	1547	24	45	1624	1	1624	59015	48200	46610	0.0
PvGapdh_promoter	25faf13c-2642-4704-98d2-a42d1e353984	92.110	1471	42	59	1624	43	1624	59015	6399	7926	0.0
PvGapdh_promoter	25faf13c-2642-4704-98d2-a42d1e353984	90.960	1298	58	49	1624	1	1414	59015	11957	10589	0.0
PvGapdh_promoter	25faf13c-2642-4704-98d2-a42d1e353984	95.525	982	19	19	1624	49	1070	59015	36234	35228	0.0
PvGapdh_promoter	25faf13c-2642-4704-98d2-a42d1e353984	96.261	798	9	15	1624	1	828	59015	5591	6398	0.0
PvGapdh_promoter	25faf13c-2642-4704-98d2-a42d1e353984	98.060	758	4	7	1624	1	768	59015	4165	4931	0.0
PvGapdh_promoter	25faf13c-2642-4704-98d2-a42d1e353984	83.404	1186	65	88	1624	1	1406	59015	40704	39438	0.0
PvGapdh_promoter	25faf13c-2642-4704-98d2-a42d1e353984	95.253	622	10	16	1624	37	689	59015	5563	4932	0.0
PvGapdh_promoter	25faf13c-2642-4704-98d2-a42d1e353984	95.628	525	2	15	1624	1076	1622	59015	36235	36763	0.0
PvGapdh_promoter	25faf13c-2642-4704-98d2-a42d1e353984	96.185	479	5	7	1624	154	650	59015	45801	45317	0.0
PvGapdh_promoter	25faf13c-2642-4704-98d2-a42d1e353984	96.177	478	6	8	1624	157	650	59015	17061	16575	0.0
PvGapdh_promoter	25faf13c-2642-4704-98d2-a42d1e353984	97.653	208	2	3	1624	546	757	59015	35019	35229	3.06e-97
PvGapdh_promoter	25faf13c-2642-4704-98d2-a42d1e353984	96.970	96	0	3	1624	1527	1624	59015	49406	49310	3.33e-37
PvGapdh_promoter	25faf13c-2642-4704-98d2-a42d1e353984	95.918	94	3	1	1624	1527	1624	59015	20692	20596	1.55e-35
PvGapdh_promoter	25faf13c-2642-4704-98d2-a42d1e353984	100.000	78	0	0	1624	1547	1624	59015	16467	16390	1.21e-31
PvGapdh_promoter	5f23abd3-f806-4348-9ade-ccadb117882c	97.129	1590	13	24	1624	1	1622	62018	17582	19199	0.0
PvGapdh_promoter	5f23abd3-f806-4348-9ade-ccadb117882c	96.892	1590	11	27	1624	1	1624	62018	13207	14824	0.0
PvGapdh_promoter	5f23abd3-f806-4348-9ade-ccadb117882c	96.350	1584	19	31	1624	1	1624	62018	9012	10634	0.0
PvGapdh_promoter	5f23abd3-f806-4348-9ade-ccadb117882c	95.293	1559	29	35	1624	1	1624	62018	22378	23977	0.0
PvGapdh_promoter	5f23abd3-f806-4348-9ade-ccadb117882c	94.157	1547	43	39	1624	1	1622	62018	5819	7429	0.0
PvGapdh_promoter	5f23abd3-f806-4348-9ade-ccadb117882c	95.929	1414	17	29	1624	1	1460	62018	20304	21748	0.0
PvGapdh_promoter	5f23abd3-f806-4348-9ade-ccadb117882c	95.862	1274	22	18	1624	1	1320	62018	25083	26387	0.0
PvGapdh_promoter	5f23abd3-f806-4348-9ade-ccadb117882c	95.511	851	17	14	1624	1	878	62018	27268	26388	0.0
PvGapdh_promoter	5f23abd3-f806-4348-9ade-ccadb117882c	96.559	477	2	8	1624	159	650	62018	11436	11916	0.0
PvGapdh_promoter	5f23abd3-f806-4348-9ade-ccadb117882c	96.850	246	4	3	1624	1	253	62018	15615	15365	4.97e-115
PvGapdh_promoter	5f23abd3-f806-4348-9ade-ccadb117882c	97.980	97	1	1	1624	1527	1624	62018	7817	7915	1.99e-39
PvGapdh_promoter	5f23abd3-f806-4348-9ade-ccadb117882c	100.000	78	0	0	1624	1547	1624	62018	12024	12101	1.21e-31
PvGapdh_promoter	15746b73-5a5a-4906-a627-c00812a19f0e	97.131	1591	10	23	1624	1	1624	24181	20018	18404	0.0
PvGapdh_promoter	15746b73-5a5a-4906-a627-c00812a19f0e	96.509	1576	28	22	1624	1	1624	24181	22736	21124	0.0
PvGapdh_promoter	15746b73-5a5a-4906-a627-c00812a19f0e	96.349	1557	19	27	1624	6	1607	24181	14909	13320	0.0
PvGapdh_promoter	15746b73-5a5a-4906-a627-c00812a19f0e	95.307	1584	16	23	1624	1	1624	24181	11578	9941	0.0
PvGapdh_promoter	15746b73-5a5a-4906-a627-c00812a19f0e	95.729	1524	23	27	1624	43	1624	24181	3287	1731	0.0
PvGapdh_promoter	15746b73-5a5a-4906-a627-c00812a19f0e	93.827	1520	39	45	1624	15	1624	24181	8819	7251	0.0
PvGapdh_promoter	15746b73-5a5a-4906-a627-c00812a19f0e	96.388	1201	15	21	1624	383	1624	24181	24167	22948	0.0
PvGapdh_promoter	15746b73-5a5a-4906-a627-c00812a19f0e	97.276	750	10	7	1624	1	768	24181	5523	4761	0.0
PvGapdh_promoter	15746b73-5a5a-4906-a627-c00812a19f0e	97.632	742	9	9	1624	1	754	24181	757	1	0.0
PvGapdh_promoter	15746b73-5a5a-4906-a627-c00812a19f0e	92.866	781	24	29	1624	1	828	24181	4105	3288	0.0
PvGapdh_promoter	15746b73-5a5a-4906-a627-c00812a19f0e	97.210	662	4	10	1624	949	1624	24181	16703	16033	0.0
PvGapdh_promoter	15746b73-5a5a-4906-a627-c00812a19f0e	86.647	584	30	42	1624	35	689	24181	4128	4760	0.0
PvGapdh_promoter	d3893dae-b5dc-4d86-bfff-cfb899b8e69e	96.949	1589	17	27	1624	1	1624	38647	9782	11402	0.0
PvGapdh_promoter	d3893dae-b5dc-4d86-bfff-cfb899b8e69e	95.115	1577	21	41	1624	1	1624	38647	23633	22002	0.0
PvGapdh_promoter	d3893dae-b5dc-4d86-bfff-cfb899b8e69e	95.146	1568	20	42	1624	1	1623	38647	20405	18793	0.0
PvGapdh_promoter	d3893dae-b5dc-4d86-bfff-cfb899b8e69e	93.252	1534	40	51	1624	1	1619	38647	16192	14593	0.0
PvGapdh_promoter	d3893dae-b5dc-4d86-bfff-cfb899b8e69e	89.874	1287	52	64	1624	1	1407	38647	12856	11493	0.0
PvGapdh_promoter	d3893dae-b5dc-4d86-bfff-cfb899b8e69e	89.101	1259	67	66	1624	26	1419	38647	34689	36033	0.0
PvGapdh_promoter	d3893dae-b5dc-4d86-bfff-cfb899b8e69e	96.408	993	5	20	1624	49	1070	38647	8266	7261	0.0
PvGapdh_promoter	d3893dae-b5dc-4d86-bfff-cfb899b8e69e	83.303	1377	103	113	1624	1	1624	38647	37624	36116	0.0
PvGapdh_promoter	d3893dae-b5dc-4d86-bfff-cfb899b8e69e	94.928	524	8	14	1624	1076	1622	38647	8266	8802	0.0
PvGapdh_promoter	d3893dae-b5dc-4d86-bfff-cfb899b8e69e	95.817	481	1	16	1624	157	650	38647	17988	17499	0.0
PvGapdh_promoter	d3893dae-b5dc-4d86-bfff-cfb899b8e69e	95.794	205	4	5	1624	546	757	38647	7052	7262	1.43e-90
PvGapdh_promoter	d3893dae-b5dc-4d86-bfff-cfb899b8e69e	80.299	269	22	24	1624	612	944	38647	30072	30364	3.26e-52
PvGapdh_promoter	d3893dae-b5dc-4d86-bfff-cfb899b8e69e	95.918	94	1	1	1624	1527	1624	38647	21609	21515	5.57e-35
PvGapdh_promoter	b47d784b-3c9b-4434-ae1d-b413e62a216e	96.946	1587	16	21	1624	1	1624	114352	110764	112379	0.0
PvGapdh_promoter	717f5702-ab60-4fbc-bdbf-9caa12ab4c0c	97.001	1585	16	25	1624	1	1624	10007	2207	3817	0.0
PvGapdh_promoter	717f5702-ab60-4fbc-bdbf-9caa12ab4c0c	95.594	1562	31	28	1624	1	1624	10007	5416	7018	0.0
PvGapdh_promoter	717f5702-ab60-4fbc-bdbf-9caa12ab4c0c	94.779	472	10	10	1624	158	650	10007	7809	8295	0.0
PvGapdh_promoter	717f5702-ab60-4fbc-bdbf-9caa12ab4c0c	96.774	390	4	6	1624	1	401	10007	9597	9992	0.0
PvGapdh_promoter	717f5702-ab60-4fbc-bdbf-9caa12ab4c0c	100.000	98	0	0	1624	1527	1624	10007	4208	4305	9.19e-43
PvGapdh_promoter	21b4984b-9092-4dd6-8b04-6119a1d0d480	97.005	1587	9	25	1624	1	1624	44008	4420	6027	0.0
PvGapdh_promoter	21b4984b-9092-4dd6-8b04-6119a1d0d480	97.976	1452	10	14	1624	1	1471	44008	2331	3803	0.0
PvGapdh_promoter	21b4984b-9092-4dd6-8b04-6119a1d0d480	98.347	1309	4	12	1624	1	1320	44008	7131	8454	0.0
PvGapdh_promoter	21b4984b-9092-4dd6-8b04-6119a1d0d480	95.961	1188	19	23	1624	399	1624	44008	1	1219	0.0
PvGapdh_promoter	21b4984b-9092-4dd6-8b04-6119a1d0d480	80.390	619	41	67	1624	29	789	44008	9187	8519	6.25e-134
PvGapdh_promoter	d374d560-9406-4609-baca-4c7b087e2963	97.001	1585	12	20	1624	1	1624	33557	1686	3292	0.0
PvGapdh_promoter	d374d560-9406-4609-baca-4c7b087e2963	96.571	1577	25	19	1624	1	1624	33557	29685	28075	0.0
PvGapdh_promoter	d374d560-9406-4609-baca-4c7b087e2963	96.987	1545	17	22	1624	42	1624	33557	13372	14943	0.0
PvGapdh_promoter	d374d560-9406-4609-baca-4c7b087e2963	96.147	1572	24	27	1624	1	1622	33557	15906	17514	0.0
PvGapdh_promoter	d374d560-9406-4609-baca-4c7b087e2963	95.557	1570	29	30	1624	1	1624	33557	7770	9387	0.0
PvGapdh_promoter	d374d560-9406-4609-baca-4c7b087e2963	95.588	1560	26	29	1624	1	1624	33557	22308	20715	0.0
PvGapdh_promoter	d374d560-9406-4609-baca-4c7b087e2963	95.404	1557	27	30	1624	1	1624	33557	26476	24885	0.0
PvGapdh_promoter	d374d560-9406-4609-baca-4c7b087e2963	94.913	1586	12	27	1624	1	1624	33557	5040	6684	0.0
PvGapdh_promoter	d374d560-9406-4609-baca-4c7b087e2963	94.155	1337	25	38	1624	1	1407	33557	18979	17605	0.0
PvGapdh_promoter	d374d560-9406-4609-baca-4c7b087e2963	96.270	800	7	18	1624	1	825	33557	12557	13369	0.0
PvGapdh_promoter	d374d560-9406-4609-baca-4c7b087e2963	96.623	744	11	11	1624	1	768	33557	11122	11878	0.0
PvGapdh_promoter	d374d560-9406-4609-baca-4c7b087e2963	96.325	629	8	12	1624	37	683	33557	12530	11888	0.0
PvGapdh_promoter	d374d560-9406-4609-baca-4c7b087e2963	98.456	574	3	6	1624	1043	1624	33557	1	578	0.0
PvGapdh_promoter	d374d560-9406-4609-baca-4c7b087e2963	97.006	486	4	9	1624	154	650	33557	24073	23580	0.0
PvGapdh_promoter	d374d560-9406-4609-baca-4c7b087e2963	98.000	98	0	1	1624	1527	1624	33557	27686	27587	5.53e-40
PvGapdh_promoter	3293e284-4f8a-4faa-8eb1-7e544ad235d2	96.638	1581	15	23	1624	1	1624	40186	32680	34287	0.0
PvGapdh_promoter	923d379b-ae33-4264-b277-836ed3d9c1a8	96.337	1578	26	25	1624	1	1624	19055	13380	14997	0.0
PvGapdh_promoter	923d379b-ae33-4264-b277-836ed3d9c1a8	96.280	1579	15	33	1624	1	1624	19055	2203	3812	0.0
PvGapdh_promoter	923d379b-ae33-4264-b277-836ed3d9c1a8	95.715	1586	22	30	1624	1	1622	19055	10640	12282	0.0
PvGapdh_promoter	923d379b-ae33-4264-b277-836ed3d9c1a8	95.636	1578	19	33	1624	1	1622	19055	7280	8904	0.0
PvGapdh_promoter	923d379b-ae33-4264-b277-836ed3d9c1a8	95.330	1082	13	23	1624	495	1624	19055	1	1100	0.0
PvGapdh_promoter	923d379b-ae33-4264-b277-836ed3d9c1a8	96.623	744	12	12	1624	1	768	19055	16735	17492	0.0
PvGapdh_promoter	923d379b-ae33-4264-b277-836ed3d9c1a8	94.954	715	15	19	1624	1	747	19055	18086	18821	0.0
PvGapdh_promoter	923d379b-ae33-4264-b277-836ed3d9c1a8	97.788	663	2	9	1624	949	1624	19055	5505	6171	0.0
PvGapdh_promoter	923d379b-ae33-4264-b277-836ed3d9c1a8	81.600	510	31	49	1624	73	689	19055	18041	17493	1.37e-120
PvGapdh_promoter	ae300c09-eab8-49a1-b186-f90aa82d754e	96.391	1576	22	29	1624	1	1624	11835	6115	4507	0.0
PvGapdh_promoter	ae300c09-eab8-49a1-b186-f90aa82d754e	95.720	1588	13	33	1624	1	1624	11835	8870	7235	0.0
PvGapdh_promoter	ae300c09-eab8-49a1-b186-f90aa82d754e	97.758	1221	4	16	1624	382	1624	11835	11820	10590	0.0
PvGapdh_promoter	ae300c09-eab8-49a1-b186-f90aa82d754e	98.495	851	2	9	1624	43	902	11835	857	1	0.0
PvGapdh_promoter	ae300c09-eab8-49a1-b186-f90aa82d754e	96.411	806	13	12	1624	1	828	11835	1684	858	0.0
PvGapdh_promoter	ae300c09-eab8-49a1-b186-f90aa82d754e	95.189	732	13	20	1624	1	768	11835	2780	2035	0.0
PvGapdh_promoter	ae300c09-eab8-49a1-b186-f90aa82d754e	96.522	222	3	4	1624	37	264	11835	1711	1937	3.93e-101
PvGapdh_promoter	ae300c09-eab8-49a1-b186-f90aa82d754e	100.000	96	0	0	1624	594	689	11835	1939	2034	1.19e-41
PvGapdh_promoter	1ecd1547-a9df-4aed-9f5c-4c13cd317cbf	96.389	1575	14	29	1624	3	1624	32730	30508	32108	0.0
PvGapdh_promoter	1ecd1547-a9df-4aed-9f5c-4c13cd317cbf	95.471	1560	34	29	1624	6	1624	32730	10581	12189	0.0
PvGapdh_promoter	1ecd1547-a9df-4aed-9f5c-4c13cd317cbf	94.553	1545	36	37	1624	1	1624	32730	25328	26918	0.0
PvGapdh_promoter	1ecd1547-a9df-4aed-9f5c-4c13cd317cbf	92.345	1520	42	61	1624	1	1624	32730	5134	6717	0.0
PvGapdh_promoter	1ecd1547-a9df-4aed-9f5c-4c13cd317cbf	92.266	1515	45	53	1624	1	1624	32730	20875	19298	0.0
PvGapdh_promoter	1ecd1547-a9df-4aed-9f5c-4c13cd317cbf	95.322	1243	19	31	1624	1	1292	32730	1405	2678	0.0
PvGapdh_promoter	1ecd1547-a9df-4aed-9f5c-4c13cd317cbf	96.548	839	10	15	1624	4	867	32730	28654	29507	0.0
PvGapdh_promoter	1ecd1547-a9df-4aed-9f5c-4c13cd317cbf	95.082	812	19	16	1624	1	844	32730	22803	21963	0.0
PvGapdh_promoter	1ecd1547-a9df-4aed-9f5c-4c13cd317cbf	94.131	818	14	27	1624	1	854	32730	16030	16876	0.0
PvGapdh_promoter	1ecd1547-a9df-4aed-9f5c-4c13cd317cbf	94.438	798	20	21	1624	3	840	32730	7824	8648	0.0
PvGapdh_promoter	1ecd1547-a9df-4aed-9f5c-4c13cd317cbf	93.009	785	25	29	1624	780	1610	32730	8659	9481	0.0
PvGapdh_promoter	1ecd1547-a9df-4aed-9f5c-4c13cd317cbf	96.113	717	11	13	1624	885	1624	32730	23487	24220	0.0
PvGapdh_promoter	1ecd1547-a9df-4aed-9f5c-4c13cd317cbf	96.211	711	8	11	1624	895	1624	32730	2674	3401	0.0
PvGapdh_promoter	1ecd1547-a9df-4aed-9f5c-4c13cd317cbf	94.573	697	15	19	1624	1	728	32730	13925	14645	0.0
PvGapdh_promoter	1ecd1547-a9df-4aed-9f5c-4c13cd317cbf	91.859	677	26	20	1624	1	726	32730	17590	16877	0.0
PvGapdh_promoter	1ecd1547-a9df-4aed-9f5c-4c13cd317cbf	96.147	574	12	10	1624	1032	1624	32730	1	590	0.0
PvGapdh_promoter	1ecd1547-a9df-4aed-9f5c-4c13cd317cbf	95.729	381	8	7	1624	960	1356	32730	15035	14646	2.11e-178
PvGapdh_promoter	1ecd1547-a9df-4aed-9f5c-4c13cd317cbf	97.183	138	0	3	1624	1485	1624	32730	23489	23350	1.93e-59
PvGapdh_promoter	a1416a46-4010-486d-abb1-4aad3782b5c6	96.163	1579	22	28	1624	1	1624	25543	8267	9885	0.0
PvGapdh_promoter	a1416a46-4010-486d-abb1-4aad3782b5c6	98.383	1460	1	16	1624	1	1471	25543	6182	7655	0.0
PvGapdh_promoter	a1416a46-4010-486d-abb1-4aad3782b5c6	97.360	1475	7	22	1624	1	1503	25543	1494	1	0.0
PvGapdh_promoter	a1416a46-4010-486d-abb1-4aad3782b5c6	97.898	1304	9	14	1624	1	1320	25543	10995	12319	0.0
PvGapdh_promoter	a1416a46-4010-486d-abb1-4aad3782b5c6	88.399	1463	74	73	1624	1	1621	25543	3494	5064	0.0
PvGapdh_promoter	a1416a46-4010-486d-abb1-4aad3782b5c6	96.606	854	12	11	1624	1	878	25543	13191	12320	0.0
PvGapdh_promoter	809289bd-b28f-4940-b28b-e0c4d005bf24	96.083	1570	25	26	1624	1	1624	23446	18680	20284	0.0
PvGapdh_promoter	809289bd-b28f-4940-b28b-e0c4d005bf24	95.110	1556	18	35	1624	1	1624	23446	9045	7460	0.0
PvGapdh_promoter	809289bd-b28f-4940-b28b-e0c4d005bf24	96.478	1397	15	20	1624	1	1442	23446	22013	23430	0.0
PvGapdh_promoter	809289bd-b28f-4940-b28b-e0c4d005bf24	93.162	1526	47	45	1624	1	1624	23446	13485	15071	0.0
PvGapdh_promoter	809289bd-b28f-4940-b28b-e0c4d005bf24	96.698	820	15	8	1624	1	847	23446	4164	4999	0.0
PvGapdh_promoter	809289bd-b28f-4940-b28b-e0c4d005bf24	95.647	835	16	14	1624	1	867	23446	16805	17661	0.0
PvGapdh_promoter	809289bd-b28f-4940-b28b-e0c4d005bf24	96.854	708	10	8	1624	1	728	23446	2047	2767	0.0
PvGapdh_promoter	809289bd-b28f-4940-b28b-e0c4d005bf24	92.506	790	28	24	1624	1	848	23446	10971	10148	0.0
PvGapdh_promoter	809289bd-b28f-4940-b28b-e0c4d005bf24	95.902	702	5	13	1624	1	726	23446	5717	5005	0.0
PvGapdh_promoter	809289bd-b28f-4940-b28b-e0c4d005bf24	93.200	699	18	24	1624	885	1624	23446	11647	12373	0.0
PvGapdh_promoter	809289bd-b28f-4940-b28b-e0c4d005bf24	94.541	381	5	10	1624	960	1356	23446	3159	2768	1.28e-170
PvGapdh_promoter	809289bd-b28f-4940-b28b-e0c4d005bf24	96.358	291	2	6	1624	1325	1624	23446	1	295	4.83e-135
PvGapdh_promoter	809289bd-b28f-4940-b28b-e0c4d005bf24	95.035	134	3	4	1624	1485	1623	23446	11649	11511	7.00e-54
PvGapdh_promoter	a5f629b1-16f1-429d-aacc-480b5d3decab	95.781	1589	12	25	1624	1	1624	10410	9884	8249	0.0
PvGapdh_promoter	a5f629b1-16f1-429d-aacc-480b5d3decab	97.948	1384	11	14	1624	1	1407	10410	2376	976	0.0
PvGapdh_promoter	a5f629b1-16f1-429d-aacc-480b5d3decab	93.902	1540	30	46	1624	1	1624	10410	5660	4075	0.0
PvGapdh_promoter	a5f629b1-16f1-429d-aacc-480b5d3decab	98.656	881	3	7	1624	733	1624	10410	1	885	0.0
PvGapdh_promoter	a5f629b1-16f1-429d-aacc-480b5d3decab	97.189	484	4	7	1624	154	650	10410	7436	6948	0.0
PvGapdh_promoter	a5f629b1-16f1-429d-aacc-480b5d3decab	100.000	78	0	0	1624	1547	1624	10410	6841	6764	1.21e-31
PvGapdh_promoter	e9e90daa-eb78-4dd2-9c71-03720ed14267	95.871	1579	16	32	1624	1	1624	9185	7834	6217	0.0
PvGapdh_promoter	e9e90daa-eb78-4dd2-9c71-03720ed14267	88.035	1420	83	71	1624	43	1624	9185	2244	711	0.0
PvGapdh_promoter	e9e90daa-eb78-4dd2-9c71-03720ed14267	95.341	798	10	21	1624	1	828	9185	3061	2245	0.0
PvGapdh_promoter	e9e90daa-eb78-4dd2-9c71-03720ed14267	96.248	744	10	13	1624	1	768	9185	4490	3732	0.0
PvGapdh_promoter	e9e90daa-eb78-4dd2-9c71-03720ed14267	96.201	633	6	12	1624	37	689	9185	3088	3731	0.0
PvGapdh_promoter	e9e90daa-eb78-4dd2-9c71-03720ed14267	96.364	212	3	5	1624	1407	1624	9185	9169	8953	1.42e-95
PvGapdh_promoter	1b20085f-9860-47b0-b4cd-26fb01278126	95.905	1569	24	30	1624	1	1623	18506	4089	2484	0.0
PvGapdh_promoter	1b20085f-9860-47b0-b4cd-26fb01278126	95.775	1564	27	28	1624	1	1624	18506	6811	5212	0.0
PvGapdh_promoter	1b20085f-9860-47b0-b4cd-26fb01278126	97.173	1375	17	16	1624	6	1415	18506	10063	11459	0.0
PvGapdh_promoter	1b20085f-9860-47b0-b4cd-26fb01278126	96.631	1262	9	23	1624	1	1292	18506	1682	398	0.0
PvGapdh_promoter	1b20085f-9860-47b0-b4cd-26fb01278126	96.721	944	10	17	1624	1	966	18506	16542	17505	0.0
PvGapdh_promoter	1b20085f-9860-47b0-b4cd-26fb01278126	96.288	856	15	12	1624	1	880	18506	14573	13694	0.0
PvGapdh_promoter	1b20085f-9860-47b0-b4cd-26fb01278126	97.081	632	6	9	1624	1	646	18506	12101	11459	0.0
PvGapdh_promoter	1b20085f-9860-47b0-b4cd-26fb01278126	95.298	608	6	15	1624	988	1624	18506	17554	18168	0.0
PvGapdh_promoter	1b20085f-9860-47b0-b4cd-26fb01278126	97.598	447	0	6	1624	1168	1624	18506	13653	13206	0.0
PvGapdh_promoter	1b20085f-9860-47b0-b4cd-26fb01278126	98.507	396	1	5	1624	895	1291	18506	402	1	0.0
PvGapdh_promoter	1b20085f-9860-47b0-b4cd-26fb01278126	96.078	392	8	6	1624	1205	1610	18506	7919	8320	0.0
PvGapdh_promoter	947efbe8-a4e2-4a2e-a891-050c3ac55771	95.841	1567	29	28	1624	1	1622	8130	3704	5312	0.0
PvGapdh_promoter	947efbe8-a4e2-4a2e-a891-050c3ac55771	97.069	1093	13	16	1624	503	1624	8130	1	1110	0.0
PvGapdh_promoter	947efbe8-a4e2-4a2e-a891-050c3ac55771	97.657	1042	12	7	1624	1	1061	8130	7054	8113	0.0
PvGapdh_promoter	947efbe8-a4e2-4a2e-a891-050c3ac55771	95.446	482	8	10	1624	154	650	8130	1910	2407	0.0
PvGapdh_promoter	c58cb78a-4e9a-4acc-bd27-172639a3fd4f	95.615	1570	31	29	1624	1	1624	31087	27032	28650	0.0
PvGapdh_promoter	88750d0d-3456-4230-8f6b-65fc6daf3334	95.887	1562	19	34	1624	1	1622	35992	4635	3048	0.0
PvGapdh_promoter	88750d0d-3456-4230-8f6b-65fc6daf3334	97.085	1432	12	19	1624	1	1466	35992	1453	1	0.0
PvGapdh_promoter	88750d0d-3456-4230-8f6b-65fc6daf3334	97.959	96	1	1	1624	1527	1624	35992	2664	2568	7.15e-39
PvGapdh_promoter	7bac0c0a-c031-483e-9ab1-80891ce4c974	95.510	1574	22	34	1624	1	1624	8820	4752	3133	0.0
PvGapdh_promoter	7bac0c0a-c031-483e-9ab1-80891ce4c974	96.586	1358	20	24	1624	1	1394	8820	1390	1	0.0
PvGapdh_promoter	7bac0c0a-c031-483e-9ab1-80891ce4c974	99.079	861	0	6	1624	1	867	8820	6631	5769	0.0
PvGapdh_promoter	7bac0c0a-c031-483e-9ab1-80891ce4c974	97.454	421	4	3	1624	1194	1624	8820	8805	8380	0.0
PvGapdh_promoter	4a817132-0cb1-45fc-9b65-24c98f3f2bbe	95.652	1562	29	28	1624	1	1624	89289	5297	3698	0.0
PvGapdh_promoter	8db4e827-8517-4af5-b404-463cca48ff0c	95.647	1560	32	29	1624	1	1624	106956	65926	67524	0.0
PvGapdh_promoter	055b6858-9624-488d-9348-e6e2a29cd657	95.427	1565	30	32	1624	1	1624	33853	32137	30527	0.0
PvGapdh_promoter	055b6858-9624-488d-9348-e6e2a29cd657	94.519	1552	23	39	1624	1	1624	33853	28920	27328	0.0
PvGapdh_promoter	055b6858-9624-488d-9348-e6e2a29cd657	93.960	1540	40	37	1624	1	1624	33853	3863	2269	0.0
PvGapdh_promoter	055b6858-9624-488d-9348-e6e2a29cd657	92.129	1510	42	57	1624	13	1622	33853	7958	6378	0.0
PvGapdh_promoter	055b6858-9624-488d-9348-e6e2a29cd657	89.797	1461	75	61	1624	1	1606	33853	11105	9549	0.0
PvGapdh_promoter	055b6858-9624-488d-9348-e6e2a29cd657	95.997	1127	22	19	1624	1	1165	33853	1158	1	0.0
PvGapdh_promoter	055b6858-9624-488d-9348-e6e2a29cd657	94.669	1030	22	29	1624	1	1070	33853	24749	23680	0.0
PvGapdh_promoter	055b6858-9624-488d-9348-e6e2a29cd657	97.976	484	3	6	1624	157	650	33853	26523	26037	0.0
PvGapdh_promoter	055b6858-9624-488d-9348-e6e2a29cd657	92.555	460	19	12	1624	154	650	33853	5599	5121	0.0
PvGapdh_promoter	055b6858-9624-488d-9348-e6e2a29cd657	97.183	207	3	3	1624	546	757	33853	23471	23681	1.42e-95
PvGapdh_promoter	055b6858-9624-488d-9348-e6e2a29cd657	100.000	88	0	0	1624	1527	1614	33853	30131	30044	3.33e-37
PvGapdh_promoter	055b6858-9624-488d-9348-e6e2a29cd657	100.000	78	0	0	1624	1547	1624	33853	5014	4937	1.21e-31
PvGapdh_promoter	1a82f3fb-a556-4e55-a3d0-88f6bad81062	97.551	1474	9	20	1624	1	1506	3452	1488	1	0.0
PvGapdh_promoter	e7da4d3e-76c5-4e26-863b-39f39335eb4b	95.241	1561	23	36	1624	1	1624	27897	3357	4955	0.0
PvGapdh_promoter	e7da4d3e-76c5-4e26-863b-39f39335eb4b	95.282	1555	25	35	1624	1	1622	27897	8848	10437	0.0
PvGapdh_promoter	e7da4d3e-76c5-4e26-863b-39f39335eb4b	94.872	1554	19	50	1624	1	1624	27897	19057	17471	0.0
PvGapdh_promoter	e7da4d3e-76c5-4e26-863b-39f39335eb4b	93.402	1543	31	53	1624	1	1618	27897	23410	25017	0.0
PvGapdh_promoter	e7da4d3e-76c5-4e26-863b-39f39335eb4b	97.797	888	2	15	1624	394	1292	27897	1	899	0.0
PvGapdh_promoter	e7da4d3e-76c5-4e26-863b-39f39335eb4b	96.163	827	9	17	1624	1	848	27897	20971	20124	0.0
PvGapdh_promoter	e7da4d3e-76c5-4e26-863b-39f39335eb4b	96.104	814	10	17	1624	6	845	27897	6060	6890	0.0
PvGapdh_promoter	e7da4d3e-76c5-4e26-863b-39f39335eb4b	96.019	820	3	20	1624	782	1624	27897	6894	7727	0.0
PvGapdh_promoter	e7da4d3e-76c5-4e26-863b-39f39335eb4b	95.799	707	5	19	1624	895	1624	27897	895	1614	0.0
PvGapdh_promoter	e7da4d3e-76c5-4e26-863b-39f39335eb4b	95.238	700	3	22	1624	1	728	27897	12168	12877	0.0
PvGapdh_promoter	e7da4d3e-76c5-4e26-863b-39f39335eb4b	93.631	691	16	21	1624	885	1611	27897	21629	22346	0.0
PvGapdh_promoter	e7da4d3e-76c5-4e26-863b-39f39335eb4b	90.116	775	32	36	1624	24	867	27897	26729	27551	0.0
PvGapdh_promoter	e7da4d3e-76c5-4e26-863b-39f39335eb4b	89.942	778	31	35	1624	1	854	27897	14244	15063	0.0
PvGapdh_promoter	e7da4d3e-76c5-4e26-863b-39f39335eb4b	88.571	651	28	41	1624	1	726	27897	15751	15064	0.0
PvGapdh_promoter	e7da4d3e-76c5-4e26-863b-39f39335eb4b	92.732	370	6	16	1624	960	1356	27897	13255	12878	4.70e-155
PvGapdh_promoter	e7da4d3e-76c5-4e26-863b-39f39335eb4b	97.143	136	2	2	1624	1485	1624	27897	21631	21494	6.95e-59
PvGapdh_promoter	d4dc3074-b31f-4c7d-bf1d-0842fcd8a552	97.965	1444	12	14	1624	1	1468	130757	84345	82884	0.0
PvGapdh_promoter	d4dc3074-b31f-4c7d-bf1d-0842fcd8a552	97.403	150	2	2	1624	1467	1620	130757	82134	81983	1.15e-66
PvGapdh_promoter	9dab5b88-4dad-46e4-b44c-4dfb01f287d3	97.776	1451	9	21	1624	1	1468	20845	9428	10903	0.0
PvGapdh_promoter	9dab5b88-4dad-46e4-b44c-4dfb01f287d3	97.468	154	0	2	1624	1467	1624	20845	11648	11801	2.47e-68
PvGapdh_promoter	eaff71b9-ef51-4600-996c-0a6169621c1d	94.945	1559	25	39	1624	1	1624	31168	15616	14015	0.0
PvGapdh_promoter	eaff71b9-ef51-4600-996c-0a6169621c1d	93.852	1557	24	50	1624	1	1624	31168	7852	6237	0.0
PvGapdh_promoter	eaff71b9-ef51-4600-996c-0a6169621c1d	92.996	1527	37	54	1624	1	1624	31168	12311	10730	0.0
PvGapdh_promoter	eaff71b9-ef51-4600-996c-0a6169621c1d	93.032	1522	40	54	1624	1	1623	31168	2810	1236	0.0
PvGapdh_promoter	eaff71b9-ef51-4600-996c-0a6169621c1d	92.186	1510	57	49	1624	6	1624	31168	25119	26704	0.0
PvGapdh_promoter	eaff71b9-ef51-4600-996c-0a6169621c1d	90.409	1480	54	71	1624	1	1620	31168	10520	8970	0.0
PvGapdh_promoter	eaff71b9-ef51-4600-996c-0a6169621c1d	90.134	1480	53	77	1624	1	1624	31168	20761	19211	0.0
PvGapdh_promoter	eaff71b9-ef51-4600-996c-0a6169621c1d	94.543	797	11	28	1624	1	835	31168	17475	16660	0.0
PvGapdh_promoter	eaff71b9-ef51-4600-996c-0a6169621c1d	92.541	794	17	36	1624	1	848	31168	23233	24053	0.0
PvGapdh_promoter	eaff71b9-ef51-4600-996c-0a6169621c1d	95.646	703	13	12	1624	1	726	31168	28392	29116	0.0
PvGapdh_promoter	eaff71b9-ef51-4600-996c-0a6169621c1d	89.947	680	20	38	1624	885	1622	31168	22578	21861	0.0
PvGapdh_promoter	eaff71b9-ef51-4600-996c-0a6169621c1d	92.035	624	14	28	1624	955	1624	31168	4549	3904	0.0
PvGapdh_promoter	eaff71b9-ef51-4600-996c-0a6169621c1d	84.624	732	59	47	1624	1	854	31168	29918	29117	0.0
PvGapdh_promoter	eaff71b9-ef51-4600-996c-0a6169621c1d	96.364	212	2	5	1624	960	1177	31168	30932	31147	1.42e-95
PvGapdh_promoter	eaff71b9-ef51-4600-996c-0a6169621c1d	98.561	137	1	1	1624	1486	1624	31168	22576	22713	1.16e-61
PvGapdh_promoter	56240c22-57e0-482c-a01b-8f894157f934	96.610	1482	18	20	1624	101	1624	5006	4989	3480	0.0
PvGapdh_promoter	56240c22-57e0-482c-a01b-8f894157f934	97.414	904	4	15	1624	1	927	5006	909	1	0.0
PvGapdh_promoter	56240c22-57e0-482c-a01b-8f894157f934	94.578	471	9	16	1624	157	650	5006	2671	2188	0.0
PvGapdh_promoter	a87636a8-68df-4814-9640-fe93672ec8e7	97.356	1436	16	15	1624	5	1468	33541	30702	29240	0.0
PvGapdh_promoter	a87636a8-68df-4814-9640-fe93672ec8e7	98.101	155	0	3	1624	1467	1624	33541	28489	28335	5.30e-70
PvGapdh_promoter	49ded9ea-69c8-45e3-8583-c016ebd96e61	97.401	1424	18	11	1624	1	1458	65538	48980	50425	0.0
PvGapdh_promoter	49ded9ea-69c8-45e3-8583-c016ebd96e61	99.367	157	0	1	1624	1467	1624	65538	51176	51332	6.81e-74
PvGapdh_promoter	fbaacee2-e245-4be9-8678-071b2e85b609	97.021	1433	15	19	1624	1	1468	62418	60107	61563	0.0
PvGapdh_promoter	fbaacee2-e245-4be9-8678-071b2e85b609	96.739	89	0	2	1624	1468	1557	62418	62312	62402	2.59e-33
PvGapdh_promoter	d27c3960-80bf-49e1-aed0-ed87c9801e97	97.017	1431	16	15	1624	1	1467	48351	7139	8593	0.0
PvGapdh_promoter	d27c3960-80bf-49e1-aed0-ed87c9801e97	81.684	1222	81	111	1624	1	1469	48351	42024	40695	0.0
PvGapdh_promoter	d27c3960-80bf-49e1-aed0-ed87c9801e97	98.113	156	0	2	1624	1467	1624	48351	9336	9492	1.47e-70
PvGapdh_promoter	66efe8dc-abe0-4f8d-84a1-42670b3bbd85	96.549	1427	20	21	1624	1	1468	22396	7819	6363	0.0
PvGapdh_promoter	66efe8dc-abe0-4f8d-84a1-42670b3bbd85	98.101	155	0	3	1624	1467	1624	22396	5607	5453	5.30e-70
PvGapdh_promoter	d7be9a11-4d1b-42a6-92c0-6ddec2172106	96.294	1429	13	24	1624	1	1469	15009	8715	7259	0.0
PvGapdh_promoter	d7be9a11-4d1b-42a6-92c0-6ddec2172106	99.367	157	0	1	1624	1467	1624	15009	6510	6354	6.81e-74
PvGapdh_promoter	26c089dc-91de-4f3d-bb83-d6dfd9473f33	95.816	1420	25	28	1624	1	1468	21309	2807	4265	0.0
PvGapdh_promoter	26c089dc-91de-4f3d-bb83-d6dfd9473f33	96.875	155	1	3	1624	1467	1624	21309	5014	5171	8.87e-68
PvGapdh_promoter	b2255b44-4b20-4c90-bf89-97431d35bd8d	95.935	1416	18	26	1624	1	1468	6115	2989	1548	0.0
PvGapdh_promoter	b2255b44-4b20-4c90-bf89-97431d35bd8d	96.203	152	2	3	1624	1467	1624	6115	801	648	5.34e-65
PvGapdh_promoter	f4ee5d98-d904-42b3-9d1c-288bd1543df6	96.276	1396	23	21	1624	26	1468	17366	12157	13582	0.0
PvGapdh_promoter	f4ee5d98-d904-42b3-9d1c-288bd1543df6	96.855	154	0	4	1624	1467	1624	17366	14330	14484	1.15e-66
PvGapdh_promoter	2b4d2ab2-30a8-45c5-807a-566e3c160aa3	98.224	1327	6	14	1624	1	1347	12024	1337	1	0.0
PvGapdh_promoter	2b4d2ab2-30a8-45c5-807a-566e3c160aa3	91.817	965	25	43	1624	42	1070	12024	2845	3856	0.0
PvGapdh_promoter	2b4d2ab2-30a8-45c5-807a-566e3c160aa3	96.377	532	2	9	1624	1076	1624	12024	2850	2314	0.0
PvGapdh_promoter	2b4d2ab2-30a8-45c5-807a-566e3c160aa3	98.578	208	0	2	1624	547	757	12024	4062	3855	1.83e-99
PvGapdh_promoter	2eb39e04-1d5b-4333-80c1-55eec7e4471d	95.421	1417	24	36	1624	1	1474	65329	54901	53450	0.0
PvGapdh_promoter	2eb39e04-1d5b-4333-80c1-55eec7e4471d	96.835	153	1	3	1624	1467	1624	65329	52715	52562	1.15e-66
PvGapdh_promoter	045b75fa-18c8-4ea9-86a6-b7b2d95686f4	95.074	1409	24	34	1624	1	1468	88730	2439	3885	0.0
PvGapdh_promoter	045b75fa-18c8-4ea9-86a6-b7b2d95686f4	98.734	156	0	1	1624	1467	1624	88730	4621	4776	3.17e-72
PvGapdh_promoter	27db4a01-73f3-4d4c-bb58-da1277c96f74	95.880	1373	23	25	1624	1	1419	2824	104	1512	0.0
PvGapdh_promoter	27db4a01-73f3-4d4c-bb58-da1277c96f74	85.795	302	21	20	1624	454	802	2824	2373	2048	3.08e-92
PvGapdh_promoter	27db4a01-73f3-4d4c-bb58-da1277c96f74	83.914	313	21	26	1624	16	382	2824	2708	2369	1.87e-84
PvGapdh_promoter	27db4a01-73f3-4d4c-bb58-da1277c96f74	84.950	254	13	21	1624	858	1151	2824	2044	1773	1.47e-70
PvGapdh_promoter	27db4a01-73f3-4d4c-bb58-da1277c96f74	90.476	171	2	9	1624	1234	1419	2824	1734	1559	6.95e-59
PvGapdh_promoter	2e6d1a2f-8b90-426b-8fe8-94674742a0c6	97.287	1291	10	19	1624	307	1624	2744	1	1310	0.0
PvGapdh_promoter	de3a8c43-9698-4409-bcd8-9217781fa43e	97.634	1238	13	13	1624	1	1263	12071	1256	1	0.0
PvGapdh_promoter	3a9b2d8e-6870-4955-91a4-d8ac0773e1f2	93.113	1379	42	36	1624	1	1461	38987	24617	23177	0.0
PvGapdh_promoter	3a9b2d8e-6870-4955-91a4-d8ac0773e1f2	97.468	154	0	3	1624	1467	1624	38987	22434	22281	2.47e-68
PvGapdh_promoter	b825aa2c-ad08-4817-96e5-77bb6bec9d7f	90.651	1503	58	63	1624	1	1624	28575	5680	4086	0.0
PvGapdh_promoter	b825aa2c-ad08-4817-96e5-77bb6bec9d7f	87.217	1426	78	88	1624	1	1611	28575	2517	990	0.0
PvGapdh_promoter	b825aa2c-ad08-4817-96e5-77bb6bec9d7f	89.796	132	7	5	1624	205	348	28575	146	5	9.19e-43
PvGapdh_promoter	b9b8bcec-2e0e-44fa-81e6-7ff677f1cf76	94.615	1265	29	30	1624	1	1320	3548	329	1639	0.0
PvGapdh_promoter	b9b8bcec-2e0e-44fa-81e6-7ff677f1cf76	93.617	220	9	3	1624	644	878	3548	1868	1640	3.08e-92
PvGapdh_promoter	b9b8bcec-2e0e-44fa-81e6-7ff677f1cf76	90.977	121	5	5	1624	257	388	3548	2106	1980	5.53e-40
PvGapdh_promoter	1e782ac7-927d-4ff7-bb6c-f4fab8c6d9ef	90.291	1460	58	68	1624	1	1606	27254	4941	3413	0.0
PvGapdh_promoter	a8df4214-3fd3-4be5-86d8-bed74ba2cc7d	90.662	1369	61	46	1624	1	1471	53192	50963	49495	0.0
PvGapdh_promoter	a8df4214-3fd3-4be5-86d8-bed74ba2cc7d	92.676	1278	21	49	1624	1	1340	53192	46065	44728	0.0
PvGapdh_promoter	a8df4214-3fd3-4be5-86d8-bed74ba2cc7d	89.578	1040	42	58	1624	495	1624	53192	53178	52066	0.0
PvGapdh_promoter	a8df4214-3fd3-4be5-86d8-bed74ba2cc7d	85.294	1044	55	77	1624	260	1407	53192	48586	47412	0.0
PvGapdh_promoter	a8df4214-3fd3-4be5-86d8-bed74ba2cc7d	91.652	516	23	18	1624	1	551	53192	43833	44383	0.0
PvGapdh_promoter	a8df4214-3fd3-4be5-86d8-bed74ba2cc7d	95.468	316	6	6	1624	555	878	53192	44421	44749	1.71e-144
PvGapdh_promoter	a8df4214-3fd3-4be5-86d8-bed74ba2cc7d	96.429	243	2	5	1624	1	249	53192	48872	48625	3.87e-111
PvGapdh_promoter	a8df4214-3fd3-4be5-86d8-bed74ba2cc7d	94.030	189	4	5	1624	1424	1624	53192	47344	47152	8.74e-78
PvGapdh_promoter	ab61526a-6335-4a0a-9b38-d6ac7d077f59	90.677	1352	64	54	1624	1	1468	28590	7331	5893	0.0
PvGapdh_promoter	ab61526a-6335-4a0a-9b38-d6ac7d077f59	98.734	156	0	2	1624	1467	1624	28590	5155	5000	3.17e-72
PvGapdh_promoter	b6ddbbbf-87b5-44bc-9833-eb4da7d0f34e	96.724	1004	11	17	1624	292	1320	16298	1	1024	0.0
PvGapdh_promoter	b6ddbbbf-87b5-44bc-9833-eb4da7d0f34e	93.806	833	13	24	1624	1	878	16298	1880	1025	0.0
PvGapdh_promoter	e84f11cf-575f-43ae-b2d9-877951e3c07f	97.352	919	6	17	1624	1	936	34970	933	1	0.0
PvGapdh_promoter	64b7f45e-9fd9-4c31-9d49-32230d4f73f5	97.128	913	9	7	1624	1	929	12228	11293	12225	0.0
PvGapdh_promoter	61fb1071-a2c7-4a70-952d-a4aef7542325	88.539	1182	64	64	1624	1	1305	10656	1316	41	0.0
PvGapdh_promoter	50412262-3635-4a54-a245-2561be07e902	98.511	860	7	5	1624	600	1468	27223	1	871	0.0
PvGapdh_promoter	50412262-3635-4a54-a245-2561be07e902	97.468	154	2	1	1624	1467	1624	27223	1615	1770	6.86e-69
PvGapdh_promoter	aee54c75-c3fa-4094-899f-bf4150120a44	95.983	908	11	18	1624	1	935	31631	30702	31631	0.0
PvGapdh_promoter	51cf4173-4816-41cd-b23b-7db584d8ce56	95.480	845	13	21	1624	1	878	42053	18825	19689	0.0
PvGapdh_promoter	51cf4173-4816-41cd-b23b-7db584d8ce56	94.878	778	13	20	1624	527	1340	42053	20464	19668	0.0
PvGapdh_promoter	15b5483b-0faf-41d5-a251-196b8241fb07	94.790	837	20	19	1624	1	878	15372	1427	566	0.0
PvGapdh_promoter	15b5483b-0faf-41d5-a251-196b8241fb07	97.368	555	1	10	1624	760	1320	15372	1	565	0.0
PvGapdh_promoter	c642876a-97c6-454d-9722-68be09daf249	98.762	718	0	6	1624	1	726	2467	1334	2052	0.0
PvGapdh_promoter	c642876a-97c6-454d-9722-68be09daf249	97.022	391	3	8	1624	457	854	2467	2451	2053	0.0
PvGapdh_promoter	e0c9398f-b1ae-4578-9a23-3df0f3f7bcd1	96.792	694	11	9	1624	1	713	27134	709	1	0.0
PvGapdh_promoter	eb46a6d7-a976-47a5-91da-1acc1f277a4d	94.394	724	20	19	1624	319	1076	10099	10099	9347	0.0
PvGapdh_promoter	eb46a6d7-a976-47a5-91da-1acc1f277a4d	99.528	211	0	1	1624	546	757	10099	9144	9354	6.53e-104
PvGapdh_promoter	342128e4-f15c-4db1-81f5-5f253ee3ee8f	97.063	628	4	8	1624	828	1468	51739	1	638	0.0
PvGapdh_promoter	342128e4-f15c-4db1-81f5-5f253ee3ee8f	98.101	155	0	2	1624	1467	1624	51739	1384	1538	5.30e-70
PvGapdh_promoter	3bfb666b-9200-49de-b8fc-413ee61f061a	96.641	633	2	10	1624	1	646	21564	20904	21547	0.0
PvGapdh_promoter	053d7587-cc22-4767-8ceb-90bf699f78c9	97.124	574	6	7	1624	1035	1624	21796	21782	21202	0.0
PvGapdh_promoter	0e9594e4-f826-4834-82d7-60ba8e9bc962	97.009	519	8	6	1624	935	1468	7892	7580	7053	0.0
PvGapdh_promoter	0e9594e4-f826-4834-82d7-60ba8e9bc962	98.742	157	0	2	1624	1467	1624	7892	6310	6153	8.81e-73
PvGapdh_promoter	7d5dee40-dc19-423d-80f0-f975d87e9b30	92.734	536	16	18	1624	899	1468	44775	1	560	0.0
PvGapdh_promoter	7d5dee40-dc19-423d-80f0-f975d87e9b30	95.570	151	3	3	1624	1467	1624	44775	1307	1460	2.48e-63
PvGapdh_promoter	2fcc8b08-3d56-4fa3-967b-da5fbf00fb32	95.876	372	4	7	1624	1243	1624	2075	1	382	5.91e-174
PvGapdh_promoter	daeab8c0-0bb5-463d-a61e-d59e929711ba	87.029	416	18	21	1624	1	445	1963	867	1333	2.23e-138
PvGapdh_promoter	4ba865bc-b467-4e4b-a0f9-80458f5ecf45	97.642	207	0	2	1624	546	757	6612	394	188	3.95e-96
PvGapdh_promoter	4ba865bc-b467-4e4b-a0f9-80458f5ecf45	98.947	188	1	1	1624	881	1070	6612	1	189	5.15e-90
PvGapdh_promoter	eabff0e9-febb-4234-9434-e2a205d9081d	98.101	155	0	1	1624	1467	1624	5727	459	613	5.30e-70
