Kan+_Neo+	3f45d9df-7978-490a-9618-46158c0fd1ec	99.755	814	0	2	816	1	816	30296	13192	12379	0.0
Kan+_Neo+	3f45d9df-7978-490a-9618-46158c0fd1ec	99.021	809	2	4	816	1	814	30296	30096	29283	0.0
Kan+_Neo+	3f45d9df-7978-490a-9618-46158c0fd1ec	98.168	804	5	9	816	1	816	30296	5809	6620	0.0
Kan+_Neo+	3f45d9df-7978-490a-9618-46158c0fd1ec	99.627	267	0	1	816	547	814	30296	22145	21879	2.96e-135
Kan+_Neo+	c27f1ab1-c564-4bf6-b9f4-4120e063c288	99.146	813	2	5	816	1	816	54060	35940	35122	0.0
Kan+_Neo+	c27f1ab1-c564-4bf6-b9f4-4120e063c288	98.779	809	3	6	816	1	816	54060	26086	26900	0.0
Kan+_Neo+	c27f1ab1-c564-4bf6-b9f4-4120e063c288	98.655	807	6	5	816	1	816	54060	16593	15779	0.0
Kan+_Neo+	c27f1ab1-c564-4bf6-b9f4-4120e063c288	98.422	811	2	7	816	1	816	54060	2802	1982	0.0
Kan+_Neo+	c27f1ab1-c564-4bf6-b9f4-4120e063c288	97.823	809	3	11	816	1	815	54060	42190	43013	0.0
Kan+_Neo+	c27f1ab1-c564-4bf6-b9f4-4120e063c288	91.957	766	27	30	816	1	816	54060	10454	11263	0.0
Kan+_Neo+	c27f1ab1-c564-4bf6-b9f4-4120e063c288	89.436	745	37	35	816	1	816	54060	13183	13981	0.0
Kan+_Neo+	c27f1ab1-c564-4bf6-b9f4-4120e063c288	98.592	490	3	4	816	1	496	54060	51640	52133	0.0
Kan+_Neo+	c27f1ab1-c564-4bf6-b9f4-4120e063c288	97.765	350	2	5	816	462	816	54060	8434	8080	1.69e-172
Kan+_Neo+	47e2ac17-b551-4e33-bd6c-aec6c1f1d6a3	98.779	809	4	6	816	1	816	77593	52260	51445	0.0
Kan+_Neo+	47e2ac17-b551-4e33-bd6c-aec6c1f1d6a3	98.405	802	5	7	816	1	810	77593	37003	37814	0.0
Kan+_Neo+	47e2ac17-b551-4e33-bd6c-aec6c1f1d6a3	98.171	805	4	8	816	1	816	77593	34272	35084	0.0
Kan+_Neo+	47e2ac17-b551-4e33-bd6c-aec6c1f1d6a3	97.579	806	7	9	816	1	816	77593	61255	62077	0.0
Kan+_Neo+	47e2ac17-b551-4e33-bd6c-aec6c1f1d6a3	96.126	794	12	11	816	1	816	77593	6240	5425	0.0
Kan+_Neo+	47e2ac17-b551-4e33-bd6c-aec6c1f1d6a3	94.660	780	20	22	816	1	816	77593	29793	30600	0.0
Kan+_Neo+	47e2ac17-b551-4e33-bd6c-aec6c1f1d6a3	93.848	778	17	24	816	1	816	77593	12408	13215	0.0
Kan+_Neo+	47e2ac17-b551-4e33-bd6c-aec6c1f1d6a3	98.793	491	4	2	816	1	496	77593	21881	22376	0.0
Kan+_Neo+	47e2ac17-b551-4e33-bd6c-aec6c1f1d6a3	94.821	476	11	12	816	1	496	77593	27514	28006	0.0
Kan+_Neo+	47e2ac17-b551-4e33-bd6c-aec6c1f1d6a3	97.849	364	3	5	816	1	370	77593	74084	74452	2.78e-180
Kan+_Neo+	47e2ac17-b551-4e33-bd6c-aec6c1f1d6a3	79.891	588	59	55	816	4	726	77593	44133	43474	8.36e-126
Kan+_Neo+	88ac168f-6ef2-41fe-8331-6f7316ff83bf	98.782	811	1	8	816	1	816	31221	16033	15217	0.0
Kan+_Neo+	88ac168f-6ef2-41fe-8331-6f7316ff83bf	95.048	787	13	22	816	1	816	31221	24798	25609	0.0
Kan+_Neo+	88ac168f-6ef2-41fe-8331-6f7316ff83bf	97.587	364	1	5	816	1	370	31221	3317	2950	1.29e-178
Kan+_Neo+	176c66c4-dc11-40b8-87d5-db55b6da9cf7	98.775	806	5	4	816	1	816	52334	40723	39913	0.0
Kan+_Neo+	176c66c4-dc11-40b8-87d5-db55b6da9cf7	98.171	805	5	10	816	1	816	52334	47918	47105	0.0
Kan+_Neo+	176c66c4-dc11-40b8-87d5-db55b6da9cf7	98.042	801	6	8	816	5	816	52334	16000	15189	0.0
Kan+_Neo+	176c66c4-dc11-40b8-87d5-db55b6da9cf7	97.236	809	2	11	816	1	816	52334	25055	25881	0.0
Kan+_Neo+	176c66c4-dc11-40b8-87d5-db55b6da9cf7	97.317	798	11	9	816	1	813	52334	43445	42630	0.0
Kan+_Neo+	176c66c4-dc11-40b8-87d5-db55b6da9cf7	97.209	801	7	10	816	1	816	52334	33357	34172	0.0
Kan+_Neo+	176c66c4-dc11-40b8-87d5-db55b6da9cf7	95.409	478	11	9	816	1	499	52334	50173	49683	0.0
Kan+_Neo+	176c66c4-dc11-40b8-87d5-db55b6da9cf7	98.652	366	0	4	816	1	370	52334	3418	3052	0.0
Kan+_Neo+	9e63baac-2530-4a04-ba76-d6509c2fcef8	98.657	808	4	6	816	1	816	70896	22081	21267	0.0
Kan+_Neo+	9e63baac-2530-4a04-ba76-d6509c2fcef8	98.411	805	7	5	816	1	816	70896	31374	30561	0.0
Kan+_Neo+	9e63baac-2530-4a04-ba76-d6509c2fcef8	97.942	809	5	7	816	1	816	70896	54951	55774	0.0
Kan+_Neo+	9e63baac-2530-4a04-ba76-d6509c2fcef8	97.912	797	8	8	816	7	816	70896	62281	61473	0.0
Kan+_Neo+	9e63baac-2530-4a04-ba76-d6509c2fcef8	97.663	794	9	8	816	1	811	70896	25311	24507	0.0
Kan+_Neo+	9e63baac-2530-4a04-ba76-d6509c2fcef8	96.117	792	9	17	816	1	816	70896	7794	8602	0.0
Kan+_Neo+	9e63baac-2530-4a04-ba76-d6509c2fcef8	97.908	702	8	6	816	104	816	70896	70895	70182	0.0
Kan+_Neo+	9e63baac-2530-4a04-ba76-d6509c2fcef8	98.933	371	1	3	816	443	816	70896	2347	1975	0.0
Kan+_Neo+	9e63baac-2530-4a04-ba76-d6509c2fcef8	95.572	259	4	6	816	547	816	70896	46064	46327	6.55e-117
Kan+_Neo+	9e63baac-2530-4a04-ba76-d6509c2fcef8	76.303	644	90	72	816	1	812	70896	63908	64673	1.46e-93
Kan+_Neo+	9e63baac-2530-4a04-ba76-d6509c2fcef8	83.776	284	16	27	816	466	798	70896	2350	2655	4.17e-74
Kan+_Neo+	9e63baac-2530-4a04-ba76-d6509c2fcef8	75.663	628	60	92	816	8	815	70896	38723	39432	1.50e-73
Kan+_Neo+	b964bb1a-4809-46b8-906a-7035bcc8fe87	98.659	809	0	9	816	1	816	40690	23262	24074	0.0
Kan+_Neo+	b964bb1a-4809-46b8-906a-7035bcc8fe87	98.415	807	3	7	816	1	816	40690	39008	38195	0.0
Kan+_Neo+	b964bb1a-4809-46b8-906a-7035bcc8fe87	98.046	803	3	9	816	1	816	40690	16117	16925	0.0
Kan+_Neo+	b964bb1a-4809-46b8-906a-7035bcc8fe87	97.992	488	0	7	816	1	496	40690	8235	8724	0.0
Kan+_Neo+	b964bb1a-4809-46b8-906a-7035bcc8fe87	97.800	489	2	7	816	1	496	40690	13836	14330	0.0
Kan+_Neo+	b964bb1a-4809-46b8-906a-7035bcc8fe87	83.135	700	69	58	816	1	816	40690	20561	21355	0.0
Kan+_Neo+	b964bb1a-4809-46b8-906a-7035bcc8fe87	82.728	661	46	61	816	35	815	40690	30424	29700	6.02e-177
Kan+_Neo+	6ceac3dd-41b9-48d8-a810-30190807a2f2	98.655	807	3	6	816	1	816	26905	7337	8148	0.0
Kan+_Neo+	6ceac3dd-41b9-48d8-a810-30190807a2f2	96.485	796	5	19	816	6	816	26905	10073	10887	0.0
Kan+_Neo+	6ceac3dd-41b9-48d8-a810-30190807a2f2	95.221	797	6	17	816	1	810	26905	21008	20179	0.0
Kan+_Neo+	6ceac3dd-41b9-48d8-a810-30190807a2f2	98.480	583	5	4	816	222	813	26905	13283	12696	0.0
Kan+_Neo+	6ceac3dd-41b9-48d8-a810-30190807a2f2	98.603	353	1	3	816	462	816	26905	26633	26277	4.65e-178
Kan+_Neo+	6ceac3dd-41b9-48d8-a810-30190807a2f2	96.884	342	5	5	816	462	814	26905	5098	4752	1.02e-164
Kan+_Neo+	6ceac3dd-41b9-48d8-a810-30190807a2f2	86.082	334	18	25	816	440	816	26905	5094	5456	4.00e-104
Kan+_Neo+	6ceac3dd-41b9-48d8-a810-30190807a2f2	86.780	256	11	23	816	440	725	26905	26629	26904	1.15e-79
Kan+_Neo+	4ea3ea0d-d765-4946-b89e-2587a868763f	98.654	806	3	6	816	1	816	23439	2940	3749	0.0
Kan+_Neo+	4ea3ea0d-d765-4946-b89e-2587a868763f	98.166	803	4	10	816	1	816	23439	14001	14809	0.0
Kan+_Neo+	4ea3ea0d-d765-4946-b89e-2587a868763f	97.590	810	1	9	816	1	816	23439	16728	17552	0.0
Kan+_Neo+	4ea3ea0d-d765-4946-b89e-2587a868763f	84.261	439	30	29	816	309	812	23439	23429	22944	6.46e-127
Kan+_Neo+	4ea3ea0d-d765-4946-b89e-2587a868763f	98.507	132	0	1	816	1	132	23439	5662	5795	4.26e-59
Kan+_Neo+	db4b5fdc-0ea9-447b-84a1-12d0a7ac23ab	98.654	806	1	8	816	1	812	59115	45327	46138	0.0
Kan+_Neo+	db4b5fdc-0ea9-447b-84a1-12d0a7ac23ab	97.939	808	4	9	816	1	816	59115	33593	34413	0.0
Kan+_Neo+	db4b5fdc-0ea9-447b-84a1-12d0a7ac23ab	97.932	805	7	8	816	1	816	59115	1570	2387	0.0
Kan+_Neo+	db4b5fdc-0ea9-447b-84a1-12d0a7ac23ab	98.044	802	4	10	816	1	816	59115	27338	26531	0.0
Kan+_Neo+	db4b5fdc-0ea9-447b-84a1-12d0a7ac23ab	97.677	799	4	12	816	1	813	59115	7725	6918	0.0
Kan+_Neo+	db4b5fdc-0ea9-447b-84a1-12d0a7ac23ab	97.552	797	11	6	816	1	816	59115	52549	53357	0.0
Kan+_Neo+	db4b5fdc-0ea9-447b-84a1-12d0a7ac23ab	97.445	801	2	12	816	1	816	59115	4312	5120	0.0
Kan+_Neo+	db4b5fdc-0ea9-447b-84a1-12d0a7ac23ab	97.439	799	6	12	816	1	816	59115	49818	50626	0.0
Kan+_Neo+	db4b5fdc-0ea9-447b-84a1-12d0a7ac23ab	96.252	796	9	18	816	1	816	59115	17502	18317	0.0
Kan+_Neo+	db4b5fdc-0ea9-447b-84a1-12d0a7ac23ab	98.189	488	4	5	816	1	493	59115	43044	43539	0.0
Kan+_Neo+	6ddf28aa-da6c-4943-81cd-923731c11a38	98.413	806	7	6	816	1	816	36935	29916	29101	0.0
Kan+_Neo+	6ddf28aa-da6c-4943-81cd-923731c11a38	98.168	804	3	10	816	1	816	36935	13870	14679	0.0
Kan+_Neo+	6ddf28aa-da6c-4943-81cd-923731c11a38	97.558	799	6	10	816	1	816	36935	2864	3671	0.0
Kan+_Neo+	6ddf28aa-da6c-4943-81cd-923731c11a38	97.552	797	2	12	816	1	810	36935	16608	17413	0.0
Kan+_Neo+	6ddf28aa-da6c-4943-81cd-923731c11a38	97.006	486	6	5	816	1	496	36935	32187	31691	0.0
Kan+_Neo+	6ddf28aa-da6c-4943-81cd-923731c11a38	76.578	461	49	55	816	5	579	36935	25707	25171	1.97e-62
Kan+_Neo+	6ddf28aa-da6c-4943-81cd-923731c11a38	98.561	137	1	1	816	1	139	36935	5581	5718	7.08e-62
Kan+_Neo+	35f98073-f4b2-4cfa-891a-1254f738e38f	98.299	809	6	4	816	1	816	56525	47628	46807	0.0
Kan+_Neo+	35f98073-f4b2-4cfa-891a-1254f738e38f	96.841	797	11	10	816	1	816	56525	43129	42315	0.0
Kan+_Neo+	35f98073-f4b2-4cfa-891a-1254f738e38f	96.602	796	10	11	816	1	816	56525	40400	39587	0.0
Kan+_Neo+	35f98073-f4b2-4cfa-891a-1254f738e38f	95.119	760	18	13	816	1	791	56525	24836	25621	0.0
Kan+_Neo+	35f98073-f4b2-4cfa-891a-1254f738e38f	94.132	770	21	23	816	1	816	56525	33106	33898	0.0
Kan+_Neo+	35f98073-f4b2-4cfa-891a-1254f738e38f	99.002	496	2	3	816	1	499	56525	49896	49397	0.0
Kan+_Neo+	35f98073-f4b2-4cfa-891a-1254f738e38f	86.772	715	43	48	816	8	810	56525	15923	15145	0.0
Kan+_Neo+	35f98073-f4b2-4cfa-891a-1254f738e38f	98.928	369	0	3	816	1	369	56525	3507	3135	0.0
Kan+_Neo+	a28e27ef-8fe7-41e7-b7af-f8dac36304b0	98.531	805	5	6	816	1	816	41592	8869	8059	0.0
Kan+_Neo+	a28e27ef-8fe7-41e7-b7af-f8dac36304b0	98.278	799	7	6	816	1	813	41592	16512	15707	0.0
Kan+_Neo+	a28e27ef-8fe7-41e7-b7af-f8dac36304b0	97.555	798	11	9	816	1	816	41592	24184	23374	0.0
Kan+_Neo+	a28e27ef-8fe7-41e7-b7af-f8dac36304b0	97.195	797	8	12	816	1	813	41592	27167	26356	0.0
Kan+_Neo+	a28e27ef-8fe7-41e7-b7af-f8dac36304b0	96.951	795	6	14	816	1	816	41592	1573	2377	0.0
Kan+_Neo+	a28e27ef-8fe7-41e7-b7af-f8dac36304b0	82.526	392	31	30	816	313	782	41592	32360	32787	1.12e-99
Kan+_Neo+	a504fc47-99f8-41ff-abf5-2bd31f82fbbe	98.411	805	7	5	816	1	816	70138	16886	16073	0.0
Kan+_Neo+	a504fc47-99f8-41ff-abf5-2bd31f82fbbe	98.168	804	4	8	816	1	816	70138	1539	729	0.0
Kan+_Neo+	a504fc47-99f8-41ff-abf5-2bd31f82fbbe	97.927	803	2	10	816	1	816	70138	9218	8410	0.0
Kan+_Neo+	a504fc47-99f8-41ff-abf5-2bd31f82fbbe	97.561	800	11	9	816	1	816	70138	19870	19056	0.0
Kan+_Neo+	a504fc47-99f8-41ff-abf5-2bd31f82fbbe	77.792	599	55	68	816	63	816	70138	24889	25558	4.03e-99
Kan+_Neo+	b56cb63d-2326-4658-b322-73ce9129989c	98.409	804	8	5	816	1	816	57427	34678	33866	0.0
Kan+_Neo+	b56cb63d-2326-4658-b322-73ce9129989c	97.800	800	8	7	816	1	816	57427	42919	42110	0.0
Kan+_Neo+	b56cb63d-2326-4658-b322-73ce9129989c	97.442	800	5	12	816	1	816	57427	51866	52675	0.0
Kan+_Neo+	b56cb63d-2326-4658-b322-73ce9129989c	97.181	793	13	9	816	4	816	57427	15210	14402	0.0
Kan+_Neo+	b56cb63d-2326-4658-b322-73ce9129989c	96.210	787	10	16	816	1	812	57427	923	1725	0.0
Kan+_Neo+	b56cb63d-2326-4658-b322-73ce9129989c	95.976	787	19	14	816	1	816	57427	25644	26453	0.0
Kan+_Neo+	b56cb63d-2326-4658-b322-73ce9129989c	94.175	776	17	22	816	1	816	57427	22931	23731	0.0
Kan+_Neo+	b56cb63d-2326-4658-b322-73ce9129989c	96.352	581	5	13	816	222	816	57427	28861	28268	0.0
Kan+_Neo+	b56cb63d-2326-4658-b322-73ce9129989c	89.503	324	18	18	816	462	816	57427	20794	20446	8.42e-121
Kan+_Neo+	91a8424f-4dab-4f5e-b2a4-674eb69351cc	98.299	809	3	8	816	1	816	27986	17255	16437	0.0
Kan+_Neo+	91a8424f-4dab-4f5e-b2a4-674eb69351cc	97.939	808	5	8	816	1	816	27986	3598	4419	0.0
Kan+_Neo+	91a8424f-4dab-4f5e-b2a4-674eb69351cc	97.567	802	4	11	816	1	816	27986	25039	25850	0.0
Kan+_Neo+	91a8424f-4dab-4f5e-b2a4-674eb69351cc	97.555	798	7	9	816	1	816	27986	14524	13718	0.0
Kan+_Neo+	91a8424f-4dab-4f5e-b2a4-674eb69351cc	98.319	585	5	4	816	222	816	27986	11324	11913	0.0
Kan+_Neo+	91a8424f-4dab-4f5e-b2a4-674eb69351cc	96.226	357	2	7	816	440	810	27986	19509	19151	4.72e-168
Kan+_Neo+	91a8424f-4dab-4f5e-b2a4-674eb69351cc	83.761	294	17	27	816	462	801	27986	19505	19826	1.93e-77
Kan+_Neo+	1b83ae44-1421-4c79-ad86-108d98dae477	98.297	808	3	9	816	1	816	16928	3307	4123	0.0
Kan+_Neo+	1b83ae44-1421-4c79-ad86-108d98dae477	89.815	776	31	35	816	1	816	16928	11763	10909	0.0
Kan+_Neo+	1b83ae44-1421-4c79-ad86-108d98dae477	95.181	474	11	10	816	326	816	16928	406	897	0.0
Kan+_Neo+	c612e747-a793-49ad-a32c-37fe4bec170a	98.291	805	8	5	816	1	816	62959	31767	30952	0.0
Kan+_Neo+	c612e747-a793-49ad-a32c-37fe4bec170a	97.674	798	9	9	816	3	813	62959	24300	23488	0.0
Kan+_Neo+	c612e747-a793-49ad-a32c-37fe4bec170a	96.476	794	14	11	816	1	815	62959	16965	17780	0.0
Kan+_Neo+	c612e747-a793-49ad-a32c-37fe4bec170a	96.206	786	16	10	816	1	813	62959	39422	38617	0.0
Kan+_Neo+	c612e747-a793-49ad-a32c-37fe4bec170a	95.721	783	18	14	816	1	813	62959	42397	41592	0.0
Kan+_Neo+	c612e747-a793-49ad-a32c-37fe4bec170a	94.053	775	17	23	816	1	816	62959	237	1036	0.0
Kan+_Neo+	c612e747-a793-49ad-a32c-37fe4bec170a	97.407	263	3	4	816	547	816	62959	8048	8313	8.36e-126
Kan+_Neo+	343980cd-0dd6-42ca-bdc7-bbb1280dc189	98.175	807	6	9	816	1	816	38618	10488	9670	0.0
Kan+_Neo+	343980cd-0dd6-42ca-bdc7-bbb1280dc189	97.677	799	7	10	816	1	816	38618	38371	37564	0.0
Kan+_Neo+	343980cd-0dd6-42ca-bdc7-bbb1280dc189	97.442	800	6	10	816	1	816	38618	20900	21710	0.0
Kan+_Neo+	343980cd-0dd6-42ca-bdc7-bbb1280dc189	96.955	796	10	8	816	4	816	38618	13212	12399	0.0
Kan+_Neo+	343980cd-0dd6-42ca-bdc7-bbb1280dc189	96.944	793	10	13	816	1	816	38618	35146	34342	0.0
Kan+_Neo+	343980cd-0dd6-42ca-bdc7-bbb1280dc189	94.527	570	11	14	816	222	816	38618	7276	7864	0.0
Kan+_Neo+	343980cd-0dd6-42ca-bdc7-bbb1280dc189	96.073	367	5	7	816	440	816	38618	15493	15117	4.69e-173
Kan+_Neo+	343980cd-0dd6-42ca-bdc7-bbb1280dc189	89.000	356	12	21	816	417	816	38618	2	369	1.39e-128
Kan+_Neo+	343980cd-0dd6-42ca-bdc7-bbb1280dc189	78.550	260	28	27	816	462	782	38618	15489	15786	7.29e-42
Kan+_Neo+	4c686fb5-6b68-4669-9e42-cfc6558c68a1	98.293	806	3	8	816	1	816	60718	11963	11151	0.0
Kan+_Neo+	4c686fb5-6b68-4669-9e42-cfc6558c68a1	97.932	805	8	9	816	1	816	60718	15194	14376	0.0
Kan+_Neo+	4c686fb5-6b68-4669-9e42-cfc6558c68a1	97.215	803	10	8	816	1	816	60718	21281	20459	0.0
Kan+_Neo+	4c686fb5-6b68-4669-9e42-cfc6558c68a1	97.066	794	9	7	816	1	810	60718	60216	59406	0.0
Kan+_Neo+	4c686fb5-6b68-4669-9e42-cfc6558c68a1	96.610	798	14	13	816	1	816	60718	52517	51696	0.0
Kan+_Neo+	4c686fb5-6b68-4669-9e42-cfc6558c68a1	96.590	793	9	16	816	5	816	60718	45171	45981	0.0
Kan+_Neo+	4c686fb5-6b68-4669-9e42-cfc6558c68a1	81.024	538	39	56	816	7	655	60718	28967	29558	5.03e-123
Kan+_Neo+	4c686fb5-6b68-4669-9e42-cfc6558c68a1	93.704	253	10	6	816	547	816	60718	36280	36542	5.14e-108
Kan+_Neo+	7ace19a2-765b-460b-bc87-62a2e8916dce	98.291	805	3	9	816	1	816	22550	8239	9049	0.0
Kan+_Neo+	7ace19a2-765b-460b-bc87-62a2e8916dce	97.552	797	7	9	816	1	813	22550	11679	10872	0.0
Kan+_Neo+	7ace19a2-765b-460b-bc87-62a2e8916dce	94.878	778	21	13	816	1	813	22550	14403	13598	0.0
Kan+_Neo+	7ace19a2-765b-460b-bc87-62a2e8916dce	96.746	654	5	15	816	1	669	22550	21876	22541	0.0
Kan+_Neo+	7ace19a2-765b-460b-bc87-62a2e8916dce	98.148	371	5	2	816	440	816	22550	16667	16291	0.0
Kan+_Neo+	9eeadd8d-0249-4607-9940-0f2f6262a27b	98.286	803	6	8	816	1	816	28317	12997	12188	0.0
Kan+_Neo+	9eeadd8d-0249-4607-9940-0f2f6262a27b	95.488	783	14	16	816	1	816	28317	21743	22543	0.0
Kan+_Neo+	7e5f0f2e-e8fe-458c-89a3-87b9ef67289c	98.168	804	5	9	816	1	816	24187	8138	8949	0.0
Kan+_Neo+	7e5f0f2e-e8fe-458c-89a3-87b9ef67289c	96.206	355	5	6	816	5	370	24187	20968	21330	1.70e-167
Kan+_Neo+	edeedf3f-1d41-40a0-8f9a-21a0add684c9	98.166	803	5	9	816	1	816	7098	3779	2970	0.0
Kan+_Neo+	edeedf3f-1d41-40a0-8f9a-21a0add684c9	97.442	800	5	11	816	1	816	7098	6491	5682	0.0
Kan+_Neo+	edeedf3f-1d41-40a0-8f9a-21a0add684c9	96.667	580	8	8	816	222	816	7098	565	1157	0.0
Kan+_Neo+	6e166d06-f155-4c8e-9d57-94aedeb4ef1e	98.056	807	2	9	816	1	816	4401	3125	3940	0.0
Kan+_Neo+	6e166d06-f155-4c8e-9d57-94aedeb4ef1e	95.409	478	14	7	816	1	496	4401	853	1349	0.0
Kan+_Neo+	fb4027a4-c31c-4e5c-97e8-988e13ddcb7c	97.932	805	6	8	816	1	816	34355	8923	8107	0.0
Kan+_Neo+	fb4027a4-c31c-4e5c-97e8-988e13ddcb7c	95.951	782	22	8	816	3	812	34355	17964	18772	0.0
Kan+_Neo+	fb4027a4-c31c-4e5c-97e8-988e13ddcb7c	94.697	625	12	17	816	1	654	34355	643	1	0.0
Kan+_Neo+	fb4027a4-c31c-4e5c-97e8-988e13ddcb7c	97.297	360	3	7	816	1	368	34355	30803	31167	2.80e-175
Kan+_Neo+	858037d6-22b0-44d9-9d60-085ad46e78a4	97.818	807	6	9	816	1	816	22541	6364	7185	0.0
Kan+_Neo+	858037d6-22b0-44d9-9d60-085ad46e78a4	97.581	363	4	3	816	1	370	22541	19140	19508	1.29e-178
Kan+_Neo+	c066cbb3-de9a-4fed-b197-42ea37e6cd9f	98.164	802	2	11	816	5	816	39297	28518	27710	0.0
Kan+_Neo+	c066cbb3-de9a-4fed-b197-42ea37e6cd9f	97.669	796	8	11	816	7	816	39297	11215	10407	0.0
Kan+_Neo+	c066cbb3-de9a-4fed-b197-42ea37e6cd9f	96.977	802	10	11	816	1	816	39297	6723	5901	0.0
Kan+_Neo+	c066cbb3-de9a-4fed-b197-42ea37e6cd9f	97.080	798	9	12	816	1	816	39297	3991	3179	0.0
Kan+_Neo+	c066cbb3-de9a-4fed-b197-42ea37e6cd9f	93.309	767	25	23	816	5	816	39297	34708	35509	0.0
Kan+_Neo+	c066cbb3-de9a-4fed-b197-42ea37e6cd9f	97.222	490	6	6	816	1	499	39297	19125	18625	0.0
Kan+_Neo+	c066cbb3-de9a-4fed-b197-42ea37e6cd9f	95.400	477	6	11	816	1	499	39297	13477	12994	0.0
Kan+_Neo+	e37165b0-4f4a-4226-812f-a4f215e46278	98.046	803	4	8	816	1	816	45850	14929	14120	0.0
Kan+_Neo+	e37165b0-4f4a-4226-812f-a4f215e46278	97.561	800	4	11	816	3	813	45850	7266	6454	0.0
Kan+_Neo+	e37165b0-4f4a-4226-812f-a4f215e46278	97.561	800	3	12	816	1	816	45850	25621	24815	0.0
Kan+_Neo+	e37165b0-4f4a-4226-812f-a4f215e46278	96.774	750	6	11	816	1	772	45850	22644	21886	0.0
Kan+_Neo+	e37165b0-4f4a-4226-812f-a4f215e46278	96.667	725	10	8	816	75	816	45850	8	750	0.0
Kan+_Neo+	6f0ab79f-e38d-4b5c-8c20-a2ce1a99fad0	97.818	807	6	8	816	1	816	14379	10699	9878	0.0
Kan+_Neo+	6f0ab79f-e38d-4b5c-8c20-a2ce1a99fad0	95.238	260	1	8	816	547	816	14379	2812	2549	3.05e-115
Kan+_Neo+	24aa6054-0809-4c03-8016-7faff54a6ad5	97.929	804	3	9	816	1	816	2466	1593	782	0.0
Kan+_Neo+	8ea7dd96-8299-41e1-8f2c-40a470f7d3b3	97.813	805	6	10	816	1	816	40185	6837	7654	0.0
Kan+_Neo+	8ea7dd96-8299-41e1-8f2c-40a470f7d3b3	97.816	806	2	13	816	1	816	40185	10284	9469	0.0
Kan+_Neo+	8ea7dd96-8299-41e1-8f2c-40a470f7d3b3	97.922	801	7	7	816	1	816	40185	34303	33494	0.0
Kan+_Neo+	8ea7dd96-8299-41e1-8f2c-40a470f7d3b3	97.683	801	9	9	816	1	816	40185	20800	21613	0.0
Kan+_Neo+	8ea7dd96-8299-41e1-8f2c-40a470f7d3b3	97.070	795	8	11	816	1	811	40185	31609	30799	0.0
Kan+_Neo+	8ea7dd96-8299-41e1-8f2c-40a470f7d3b3	96.581	791	16	10	816	1	813	40185	13006	12194	0.0
Kan+_Neo+	8ea7dd96-8299-41e1-8f2c-40a470f7d3b3	95.741	562	8	10	816	234	816	40185	28411	28984	0.0
Kan+_Neo+	8ea7dd96-8299-41e1-8f2c-40a470f7d3b3	97.632	371	4	5	816	440	816	40185	15293	14916	0.0
Kan+_Neo+	8ea7dd96-8299-41e1-8f2c-40a470f7d3b3	96.597	369	5	7	816	440	816	40185	36577	36199	6.02e-177
Kan+_Neo+	8ea7dd96-8299-41e1-8f2c-40a470f7d3b3	80.586	220	27	21	816	462	728	40185	15289	15541	1.21e-44
Kan+_Neo+	da50cd4a-989e-4d8b-867f-704b32119511	97.922	801	7	9	816	1	816	73926	14197	13388	0.0
Kan+_Neo+	da50cd4a-989e-4d8b-867f-704b32119511	96.856	801	7	14	816	1	816	73926	41242	40424	0.0
Kan+_Neo+	da50cd4a-989e-4d8b-867f-704b32119511	96.019	796	10	16	816	1	816	73926	57328	56510	0.0
Kan+_Neo+	da50cd4a-989e-4d8b-867f-704b32119511	96.121	793	10	16	816	1	816	73926	63472	64283	0.0
Kan+_Neo+	da50cd4a-989e-4d8b-867f-704b32119511	95.542	793	14	16	816	1	816	73926	45675	44855	0.0
Kan+_Neo+	da50cd4a-989e-4d8b-867f-704b32119511	95.273	786	10	22	816	1	816	73926	31284	32088	0.0
Kan+_Neo+	da50cd4a-989e-4d8b-867f-704b32119511	94.024	771	16	21	816	1	809	73926	23070	23867	0.0
Kan+_Neo+	da50cd4a-989e-4d8b-867f-704b32119511	80.838	675	79	54	816	9	816	73926	38523	37743	4.75e-163
Kan+_Neo+	da50cd4a-989e-4d8b-867f-704b32119511	94.038	347	8	11	816	4	370	73926	1467	1111	4.82e-153
Kan+_Neo+	da50cd4a-989e-4d8b-867f-704b32119511	85.855	437	40	28	816	1	499	73926	47932	47446	1.76e-142
Kan+_Neo+	15c093cd-2172-43c2-83d5-ed6ece824af4	97.808	803	9	6	816	1	816	22118	1542	726	0.0
Kan+_Neo+	15c093cd-2172-43c2-83d5-ed6ece824af4	96.606	797	8	14	816	1	816	22118	9208	8395	0.0
Kan+_Neo+	15c093cd-2172-43c2-83d5-ed6ece824af4	95.006	780	27	13	816	1	816	22118	12166	11355	0.0
Kan+_Neo+	57665f95-9f09-4024-9c07-2b20ac65dd78	97.808	803	6	11	816	1	816	3238	1712	899	0.0
Kan+_Neo+	f221497a-f337-4102-beeb-77a1297f4405	97.694	805	5	11	816	1	816	58952	23752	24569	0.0
Kan+_Neo+	f221497a-f337-4102-beeb-77a1297f4405	97.433	797	10	10	816	1	816	58952	6430	7238	0.0
Kan+_Neo+	f221497a-f337-4102-beeb-77a1297f4405	96.359	794	11	14	816	1	816	58952	46568	45756	0.0
Kan+_Neo+	f221497a-f337-4102-beeb-77a1297f4405	96.333	788	15	13	816	5	816	58952	30997	31805	0.0
Kan+_Neo+	f221497a-f337-4102-beeb-77a1297f4405	95.278	787	20	13	816	1	816	58952	55564	56380	0.0
Kan+_Neo+	f221497a-f337-4102-beeb-77a1297f4405	94.471	786	12	23	816	1	816	58952	38315	37502	0.0
Kan+_Neo+	f221497a-f337-4102-beeb-77a1297f4405	93.689	772	25	22	816	5	816	58952	28258	29066	0.0
Kan+_Neo+	f221497a-f337-4102-beeb-77a1297f4405	98.189	488	4	4	816	1	496	58952	15851	16343	0.0
Kan+_Neo+	f221497a-f337-4102-beeb-77a1297f4405	97.800	489	3	6	816	1	496	58952	21475	21970	0.0
Kan+_Neo+	f221497a-f337-4102-beeb-77a1297f4405	98.718	154	1	1	816	1	156	58952	156	2	2.51e-71
Kan+_Neo+	5f9b63a0-b29c-46fe-9849-e321d27c2499	97.579	806	7	11	816	1	816	75108	9658	8836	0.0
Kan+_Neo+	5f9b63a0-b29c-46fe-9849-e321d27c2499	97.436	798	11	8	816	1	816	75108	34833	35644	0.0
Kan+_Neo+	5f9b63a0-b29c-46fe-9849-e321d27c2499	97.439	799	6	11	816	1	816	75108	50289	49481	0.0
Kan+_Neo+	5f9b63a0-b29c-46fe-9849-e321d27c2499	97.430	796	11	8	816	3	816	75108	58964	59773	0.0
Kan+_Neo+	5f9b63a0-b29c-46fe-9849-e321d27c2499	97.091	801	7	14	816	1	816	75108	27630	28446	0.0
Kan+_Neo+	5f9b63a0-b29c-46fe-9849-e321d27c2499	96.048	802	5	19	816	1	816	75108	32104	32929	0.0
Kan+_Neo+	5f9b63a0-b29c-46fe-9849-e321d27c2499	95.737	786	17	16	816	1	816	75108	15922	16729	0.0
Kan+_Neo+	5f9b63a0-b29c-46fe-9849-e321d27c2499	97.973	580	10	2	816	225	816	75108	1	590	0.0
Kan+_Neo+	5f9b63a0-b29c-46fe-9849-e321d27c2499	98.594	491	2	5	816	1	496	75108	25333	25827	0.0
Kan+_Neo+	5f9b63a0-b29c-46fe-9849-e321d27c2499	97.035	360	7	4	816	1	370	75108	71748	72115	2.80e-175
Kan+_Neo+	5f9b63a0-b29c-46fe-9849-e321d27c2499	81.807	670	69	53	816	16	816	75108	42070	41314	4.69e-173
Kan+_Neo+	5c7a89d4-816c-4079-a757-5db85f7bff41	97.800	800	7	7	816	1	816	41242	7099	6291	0.0
Kan+_Neo+	5c7a89d4-816c-4079-a757-5db85f7bff41	97.800	800	7	8	816	1	814	41242	14778	13968	0.0
Kan+_Neo+	5c7a89d4-816c-4079-a757-5db85f7bff41	96.386	800	8	20	816	1	816	41242	17762	16941	0.0
Kan+_Neo+	48e76ccc-6938-41e4-af21-20d1af7e708f	97.683	801	7	9	816	1	816	35544	33371	34182	0.0
Kan+_Neo+	48e76ccc-6938-41e4-af21-20d1af7e708f	96.350	792	15	14	816	1	816	35544	25108	25920	0.0
Kan+_Neo+	48e76ccc-6938-41e4-af21-20d1af7e708f	96.215	788	20	10	816	1	816	35544	16337	15527	0.0
Kan+_Neo+	48e76ccc-6938-41e4-af21-20d1af7e708f	96.730	355	6	4	816	8	370	35544	3903	3539	7.84e-171
Kan+_Neo+	7b5999f5-290f-4127-8bf2-ef83db896d23	97.906	795	8	6	816	3	813	10833	3235	2432	0.0
Kan+_Neo+	e0ef486c-9739-47a7-856b-155cde50e66a	97.680	800	8	10	816	1	816	22599	10388	11198	0.0
Kan+_Neo+	e0ef486c-9739-47a7-856b-155cde50e66a	97.674	798	11	7	816	1	813	22599	21244	20432	0.0
Kan+_Neo+	e0ef486c-9739-47a7-856b-155cde50e66a	92.354	761	21	27	816	1	813	22599	7690	8482	0.0
Kan+_Neo+	e0ef486c-9739-47a7-856b-155cde50e66a	98.333	590	3	3	816	222	816	22599	13595	12998	0.0
Kan+_Neo+	e0ef486c-9739-47a7-856b-155cde50e66a	93.664	340	6	12	816	462	816	22599	5706	5353	6.28e-147
Kan+_Neo+	e0ef486c-9739-47a7-856b-155cde50e66a	96.639	115	2	2	816	1	118	22599	118	1	2.01e-47
Kan+_Neo+	abff7559-34d6-4200-84b4-19f4c7ccc028	97.567	802	7	10	816	1	816	61691	58314	59128	0.0
Kan+_Neo+	abff7559-34d6-4200-84b4-19f4c7ccc028	96.959	797	11	13	816	1	816	61691	50580	49767	0.0
Kan+_Neo+	abff7559-34d6-4200-84b4-19f4c7ccc028	77.664	379	48	39	816	337	816	61691	55812	56246	9.16e-61
Kan+_Neo+	abff7559-34d6-4200-84b4-19f4c7ccc028	84.211	208	21	14	816	43	281	61691	55560	55796	9.23e-56
Kan+_Neo+	747152ff-f7fd-4ea8-b215-07ed74ba91ef	97.680	800	4	11	816	1	810	59406	31321	30509	0.0
Kan+_Neo+	747152ff-f7fd-4ea8-b215-07ed74ba91ef	97.202	799	10	9	816	1	816	59406	24824	24010	0.0
Kan+_Neo+	747152ff-f7fd-4ea8-b215-07ed74ba91ef	78.113	596	45	60	816	47	795	59406	29698	30352	3.11e-100
Kan+_Neo+	fa5e6788-60f2-4349-a6ec-39eed0b41fa5	97.558	799	11	7	816	1	816	17867	4009	4821	0.0
Kan+_Neo+	fa5e6788-60f2-4349-a6ec-39eed0b41fa5	81.706	661	69	58	816	13	804	17867	14099	13353	3.65e-169
Kan+_Neo+	fb84ca4a-1363-469b-b4eb-d8976a4ac258	97.567	802	4	8	816	1	816	79029	43309	44120	0.0
Kan+_Neo+	fb84ca4a-1363-469b-b4eb-d8976a4ac258	97.185	794	4	14	816	5	816	79029	36128	36930	0.0
Kan+_Neo+	fb84ca4a-1363-469b-b4eb-d8976a4ac258	96.346	791	10	16	816	1	816	79029	8380	9185	0.0
Kan+_Neo+	fb84ca4a-1363-469b-b4eb-d8976a4ac258	96.220	789	10	12	816	1	816	79029	67616	68418	0.0
Kan+_Neo+	fb84ca4a-1363-469b-b4eb-d8976a4ac258	96.098	788	13	12	816	1	816	79029	18197	17393	0.0
Kan+_Neo+	fb84ca4a-1363-469b-b4eb-d8976a4ac258	95.985	789	13	15	816	2	816	79029	40581	41389	0.0
Kan+_Neo+	fb84ca4a-1363-469b-b4eb-d8976a4ac258	94.921	785	17	17	816	5	814	79029	58802	57984	0.0
Kan+_Neo+	fb84ca4a-1363-469b-b4eb-d8976a4ac258	94.909	783	18	17	816	1	816	79029	24467	25276	0.0
Kan+_Neo+	fb84ca4a-1363-469b-b4eb-d8976a4ac258	99.378	479	2	1	816	1	481	79029	33826	34307	0.0
Kan+_Neo+	fb84ca4a-1363-469b-b4eb-d8976a4ac258	84.910	709	62	40	816	1	813	79029	50575	49783	0.0
Kan+_Neo+	70fa22ea-677b-43b5-9e70-22cd82e33d0d	97.674	798	6	8	816	1	816	65100	33011	33815	0.0
Kan+_Neo+	70fa22ea-677b-43b5-9e70-22cd82e33d0d	97.314	797	8	11	816	1	816	65100	42905	42098	0.0
Kan+_Neo+	70fa22ea-677b-43b5-9e70-22cd82e33d0d	96.829	794	11	13	816	1	816	65100	58983	58175	0.0
Kan+_Neo+	70fa22ea-677b-43b5-9e70-22cd82e33d0d	96.715	795	10	14	816	1	816	65100	47365	46555	0.0
Kan+_Neo+	70fa22ea-677b-43b5-9e70-22cd82e33d0d	95.615	785	14	14	816	1	816	65100	24745	25548	0.0
Kan+_Neo+	70fa22ea-677b-43b5-9e70-22cd82e33d0d	94.565	783	18	24	816	1	816	65100	15911	15099	0.0
Kan+_Neo+	70fa22ea-677b-43b5-9e70-22cd82e33d0d	97.416	490	7	6	816	1	502	65100	49630	49133	0.0
Kan+_Neo+	70fa22ea-677b-43b5-9e70-22cd82e33d0d	84.230	689	53	47	816	8	813	65100	40244	39491	0.0
Kan+_Neo+	70fa22ea-677b-43b5-9e70-22cd82e33d0d	97.600	366	3	4	816	1	370	65100	3293	2920	2.78e-180
Kan+_Neo+	1f3d2493-2d5b-4ceb-a3a1-0c9f74674d8e	97.546	795	15	5	816	3	816	49914	47728	46918	0.0
Kan+_Neo+	1f3d2493-2d5b-4ceb-a3a1-0c9f74674d8e	96.481	795	14	13	816	1	816	49914	16296	15480	0.0
Kan+_Neo+	1f3d2493-2d5b-4ceb-a3a1-0c9f74674d8e	96.476	794	10	14	816	1	816	49914	43246	42436	0.0
Kan+_Neo+	1f3d2493-2d5b-4ceb-a3a1-0c9f74674d8e	96.350	792	10	14	816	1	816	49914	33217	34024	0.0
Kan+_Neo+	1f3d2493-2d5b-4ceb-a3a1-0c9f74674d8e	94.621	774	24	12	816	1	816	49914	40526	39727	0.0
Kan+_Neo+	1f3d2493-2d5b-4ceb-a3a1-0c9f74674d8e	94.324	781	22	18	816	1	816	49914	24977	25791	0.0
Kan+_Neo+	1f3d2493-2d5b-4ceb-a3a1-0c9f74674d8e	95.187	356	9	8	816	1	370	49914	3545	3177	1.32e-163
Kan+_Neo+	10ead8ba-fb29-4904-acf2-2267f197d31a	97.433	797	15	5	816	1	816	45456	4210	5023	0.0
Kan+_Neo+	10ead8ba-fb29-4904-acf2-2267f197d31a	97.192	796	6	15	816	1	816	45456	29454	30258	0.0
Kan+_Neo+	10ead8ba-fb29-4904-acf2-2267f197d31a	96.489	797	12	12	816	1	816	45456	20713	19895	0.0
Kan+_Neo+	10ead8ba-fb29-4904-acf2-2267f197d31a	94.289	776	17	19	816	1	816	45456	1493	2292	0.0
Kan+_Neo+	10ead8ba-fb29-4904-acf2-2267f197d31a	94.188	551	16	14	816	240	816	45456	7408	6834	0.0
Kan+_Neo+	10ead8ba-fb29-4904-acf2-2267f197d31a	97.090	367	3	6	816	1	370	45456	42243	42620	4.65e-178
Kan+_Neo+	9462edd4-5a3c-4e08-99b5-e269ccebd716	97.327	801	10	9	816	1	816	48968	46725	47542	0.0
Kan+_Neo+	9462edd4-5a3c-4e08-99b5-e269ccebd716	96.333	788	11	12	816	1	816	48968	30270	29470	0.0
Kan+_Neo+	9462edd4-5a3c-4e08-99b5-e269ccebd716	96.107	790	10	17	816	1	816	48968	43490	44295	0.0
Kan+_Neo+	9462edd4-5a3c-4e08-99b5-e269ccebd716	94.826	788	14	15	816	1	816	48968	13570	12754	0.0
Kan+_Neo+	9462edd4-5a3c-4e08-99b5-e269ccebd716	93.124	772	25	26	816	1	816	48968	6243	7052	0.0
Kan+_Neo+	9462edd4-5a3c-4e08-99b5-e269ccebd716	95.273	262	5	5	816	547	816	48968	22429	22158	1.82e-117
Kan+_Neo+	9462edd4-5a3c-4e08-99b5-e269ccebd716	77.697	533	55	58	816	4	661	48968	38061	38676	1.90e-87
Kan+_Neo+	c94cf65f-1375-4a2f-bcb5-306720295d5d	97.552	797	7	11	816	1	816	14277	4338	5142	0.0
Kan+_Neo+	0c3a1d28-5378-4f1a-bb31-f060e37232a4	97.555	798	4	13	816	5	816	49669	38020	38827	0.0
Kan+_Neo+	0c3a1d28-5378-4f1a-bb31-f060e37232a4	97.192	796	11	11	816	1	816	49669	6353	7162	0.0
Kan+_Neo+	0c3a1d28-5378-4f1a-bb31-f060e37232a4	96.489	797	10	14	816	1	816	49669	21934	22750	0.0
Kan+_Neo+	0c3a1d28-5378-4f1a-bb31-f060e37232a4	95.874	790	14	15	816	1	816	49669	9067	9878	0.0
Kan+_Neo+	0c3a1d28-5378-4f1a-bb31-f060e37232a4	95.620	786	12	17	816	1	816	49669	12486	11683	0.0
Kan+_Neo+	0c3a1d28-5378-4f1a-bb31-f060e37232a4	94.692	785	23	16	816	1	816	49669	31731	30911	0.0
Kan+_Neo+	0c3a1d28-5378-4f1a-bb31-f060e37232a4	89.683	452	23	22	816	1	496	49669	47466	47948	1.30e-173
Kan+_Neo+	0c3a1d28-5378-4f1a-bb31-f060e37232a4	93.906	339	7	11	816	462	816	49669	4420	4069	4.85e-148
Kan+_Neo+	2a7e0400-cb52-4437-b62c-bb681f27637f	97.442	800	5	8	816	1	816	38205	1787	978	0.0
Kan+_Neo+	2a7e0400-cb52-4437-b62c-bb681f27637f	96.867	773	14	9	816	18	811	38205	4735	3945	0.0
Kan+_Neo+	7ea4894f-2a05-4783-9bf6-d8dbe390b2f5	97.439	799	7	13	816	1	816	45772	38606	39415	0.0
Kan+_Neo+	7ea4894f-2a05-4783-9bf6-d8dbe390b2f5	95.267	785	17	18	816	1	816	45772	1149	340	0.0
Kan+_Neo+	7ea4894f-2a05-4783-9bf6-d8dbe390b2f5	94.310	779	18	22	816	1	816	45772	43085	43891	0.0
Kan+_Neo+	7ea4894f-2a05-4783-9bf6-d8dbe390b2f5	93.990	782	18	21	816	1	816	45772	20736	19921	0.0
Kan+_Neo+	7ea4894f-2a05-4783-9bf6-d8dbe390b2f5	94.268	773	20	23	816	1	815	45772	10942	11739	0.0
Kan+_Neo+	7ea4894f-2a05-4783-9bf6-d8dbe390b2f5	93.925	773	23	20	816	1	816	45772	26938	27740	0.0
Kan+_Neo+	7ea4894f-2a05-4783-9bf6-d8dbe390b2f5	96.000	480	6	12	816	1	496	45772	36333	36822	0.0
Kan+_Neo+	1848c259-b443-42a1-8c8d-fd0f251b42d4	97.226	806	2	15	816	1	816	77933	59527	58707	0.0
Kan+_Neo+	1848c259-b443-42a1-8c8d-fd0f251b42d4	96.355	793	19	8	816	1	816	77933	76816	77634	0.0
Kan+_Neo+	1848c259-b443-42a1-8c8d-fd0f251b42d4	95.146	784	10	22	816	1	816	77933	12925	12124	0.0
Kan+_Neo+	1848c259-b443-42a1-8c8d-fd0f251b42d4	94.921	785	18	20	816	1	816	77933	20414	21227	0.0
Kan+_Neo+	1848c259-b443-42a1-8c8d-fd0f251b42d4	95.337	777	14	21	816	6	816	77933	67508	68302	0.0
Kan+_Neo+	1848c259-b443-42a1-8c8d-fd0f251b42d4	94.578	785	19	21	816	1	816	77933	35624	36441	0.0
Kan+_Neo+	1848c259-b443-42a1-8c8d-fd0f251b42d4	94.053	775	27	20	816	1	816	77933	73570	74379	0.0
Kan+_Neo+	1848c259-b443-42a1-8c8d-fd0f251b42d4	93.470	773	25	25	816	1	816	77933	42961	42153	0.0
Kan+_Neo+	1848c259-b443-42a1-8c8d-fd0f251b42d4	92.892	771	26	29	816	1	816	77933	28051	28861	0.0
Kan+_Neo+	1848c259-b443-42a1-8c8d-fd0f251b42d4	95.588	260	3	6	816	548	814	77933	51701	51434	6.55e-117
Kan+_Neo+	17f65784-12c5-41cd-b25d-84648d4f57e9	97.199	798	15	8	816	1	816	12443	1944	2761	0.0
Kan+_Neo+	17f65784-12c5-41cd-b25d-84648d4f57e9	94.952	790	14	19	816	1	816	12443	9628	10447	0.0
Kan+_Neo+	cf74bc13-714c-4a20-86bf-7e99ea7cc187	97.426	795	11	7	816	2	816	8223	4845	5651	0.0
Kan+_Neo+	8119f4fb-ddef-4629-b40b-bde21bc6248d	97.209	801	9	9	816	1	816	50341	30034	29217	0.0
Kan+_Neo+	8119f4fb-ddef-4629-b40b-bde21bc6248d	96.463	791	17	8	816	1	814	50341	8048	7235	0.0
Kan+_Neo+	8119f4fb-ddef-4629-b40b-bde21bc6248d	96.359	794	11	14	816	1	816	50341	15775	16587	0.0
Kan+_Neo+	8119f4fb-ddef-4629-b40b-bde21bc6248d	96.450	788	12	13	816	1	816	50341	5327	4527	0.0
Kan+_Neo+	8119f4fb-ddef-4629-b40b-bde21bc6248d	96.187	782	12	13	816	3	814	50341	33233	32439	0.0
Kan+_Neo+	8119f4fb-ddef-4629-b40b-bde21bc6248d	94.491	566	16	11	816	222	816	50341	2133	2718	0.0
Kan+_Neo+	8119f4fb-ddef-4629-b40b-bde21bc6248d	95.065	366	5	10	816	440	816	50341	10331	9953	6.11e-167
Kan+_Neo+	8119f4fb-ddef-4629-b40b-bde21bc6248d	77.378	537	64	63	816	36	717	50341	34882	35494	2.46e-86
Kan+_Neo+	8119f4fb-ddef-4629-b40b-bde21bc6248d	82.143	207	23	18	816	478	726	50341	50123	49891	2.01e-47
Kan+_Neo+	6e56b20c-bfbf-4aaf-b115-5809e792b6b0	97.311	796	13	8	816	1	816	28943	20532	19722	0.0
Kan+_Neo+	6e56b20c-bfbf-4aaf-b115-5809e792b6b0	95.610	784	13	19	816	1	813	28943	13381	12578	0.0
Kan+_Neo+	6e56b20c-bfbf-4aaf-b115-5809e792b6b0	95.238	780	19	17	816	1	816	28943	16075	15274	0.0
Kan+_Neo+	6e56b20c-bfbf-4aaf-b115-5809e792b6b0	94.621	774	25	18	816	3	816	28943	6071	6873	0.0
Kan+_Neo+	6e56b20c-bfbf-4aaf-b115-5809e792b6b0	98.603	494	5	2	816	1	499	28943	28400	27900	0.0
Kan+_Neo+	6e56b20c-bfbf-4aaf-b115-5809e792b6b0	98.403	493	5	3	816	1	499	28943	22787	22288	0.0
Kan+_Neo+	1840cab9-5c18-4f12-aeed-d2dafdef9f85	97.317	798	8	9	816	1	814	32943	25518	24707	0.0
Kan+_Neo+	1840cab9-5c18-4f12-aeed-d2dafdef9f85	96.944	793	14	11	816	1	816	32943	8775	7967	0.0
Kan+_Neo+	1840cab9-5c18-4f12-aeed-d2dafdef9f85	95.531	791	12	15	816	1	816	32943	1447	2261	0.0
Kan+_Neo+	1840cab9-5c18-4f12-aeed-d2dafdef9f85	98.529	268	0	3	816	547	816	32943	17649	17380	6.42e-132
Kan+_Neo+	b8fcbd39-bc38-4f2c-a334-c511b009f445	97.209	801	8	11	816	1	812	20664	1384	2204	0.0
Kan+_Neo+	b8fcbd39-bc38-4f2c-a334-c511b009f445	91.018	760	20	40	816	1	812	20664	12659	13461	0.0
Kan+_Neo+	b8fcbd39-bc38-4f2c-a334-c511b009f445	88.876	767	32	39	816	1	816	20664	6539	7384	0.0
Kan+_Neo+	692611a3-89e1-4b9d-90cb-0b739d6797a8	97.212	802	4	14	816	1	816	87841	47710	48524	0.0
Kan+_Neo+	692611a3-89e1-4b9d-90cb-0b739d6797a8	96.029	798	11	16	816	1	816	87841	40508	41331	0.0
Kan+_Neo+	692611a3-89e1-4b9d-90cb-0b739d6797a8	96.005	793	12	18	816	1	816	87841	55063	54249	0.0
Kan+_Neo+	692611a3-89e1-4b9d-90cb-0b739d6797a8	95.278	787	17	20	816	1	816	87841	63254	62441	0.0
Kan+_Neo+	692611a3-89e1-4b9d-90cb-0b739d6797a8	93.697	773	26	21	816	2	816	87841	72138	72946	0.0
Kan+_Neo+	692611a3-89e1-4b9d-90cb-0b739d6797a8	93.099	769	26	22	816	1	816	87841	7326	8130	0.0
Kan+_Neo+	692611a3-89e1-4b9d-90cb-0b739d6797a8	93.325	769	16	24	816	1	816	87841	44999	45791	0.0
Kan+_Neo+	692611a3-89e1-4b9d-90cb-0b739d6797a8	92.703	775	21	27	816	1	815	87841	23196	24012	0.0
Kan+_Neo+	692611a3-89e1-4b9d-90cb-0b739d6797a8	90.247	731	32	24	816	1	803	87841	16958	16189	0.0
Kan+_Neo+	692611a3-89e1-4b9d-90cb-0b739d6797a8	94.970	472	11	11	816	1	496	87841	38245	38728	0.0
Kan+_Neo+	692611a3-89e1-4b9d-90cb-0b739d6797a8	93.028	467	18	11	816	9	496	87841	32608	33106	0.0
Kan+_Neo+	692611a3-89e1-4b9d-90cb-0b739d6797a8	95.148	353	11	6	816	1	370	87841	84927	85291	1.71e-162
Kan+_Neo+	7a23da46-ed8a-4d47-8f1f-5c30983a310f	97.304	794	11	9	816	1	816	31087	8197	9001	0.0
Kan+_Neo+	7a23da46-ed8a-4d47-8f1f-5c30983a310f	94.946	789	14	19	816	1	816	31087	29892	30709	0.0
Kan+_Neo+	7a23da46-ed8a-4d47-8f1f-5c30983a310f	93.758	781	20	17	816	1	816	31087	1942	1125	0.0
Kan+_Neo+	7a23da46-ed8a-4d47-8f1f-5c30983a310f	96.600	483	1	9	816	5	496	31087	23200	23691	0.0
Kan+_Neo+	7a23da46-ed8a-4d47-8f1f-5c30983a310f	86.072	618	37	50	816	117	811	31087	25591	26268	0.0
Kan+_Neo+	7a23da46-ed8a-4d47-8f1f-5c30983a310f	92.936	421	19	12	816	1	447	31087	17596	18041	0.0
Kan+_Neo+	7a23da46-ed8a-4d47-8f1f-5c30983a310f	81.395	245	26	23	816	493	783	31087	31064	30784	4.29e-54
Kan+_Neo+	3d0a5b6d-d0cb-43a0-ab89-520f01ac31ca	97.084	799	8	14	816	1	816	7519	227	1040	0.0
Kan+_Neo+	3d0a5b6d-d0cb-43a0-ab89-520f01ac31ca	81.961	627	32	60	816	55	812	7519	7295	6630	3.73e-154
Kan+_Neo+	80c57deb-26a3-449d-b7f9-2ab5649b22b3	97.195	797	7	12	816	1	816	54784	10283	11090	0.0
Kan+_Neo+	80c57deb-26a3-449d-b7f9-2ab5649b22b3	96.333	788	17	10	816	1	813	54784	24769	23960	0.0
Kan+_Neo+	80c57deb-26a3-449d-b7f9-2ab5649b22b3	95.493	784	21	11	816	1	816	54784	44643	43834	0.0
Kan+_Neo+	80c57deb-26a3-449d-b7f9-2ab5649b22b3	95.604	783	13	18	816	1	816	54784	14737	15535	0.0
Kan+_Neo+	80c57deb-26a3-449d-b7f9-2ab5649b22b3	94.526	777	19	18	816	3	816	54784	30169	30972	0.0
Kan+_Neo+	80c57deb-26a3-449d-b7f9-2ab5649b22b3	94.161	774	24	17	816	5	816	54784	17455	18262	0.0
Kan+_Neo+	80c57deb-26a3-449d-b7f9-2ab5649b22b3	93.423	767	21	24	816	1	812	54784	37594	36798	0.0
Kan+_Neo+	80c57deb-26a3-449d-b7f9-2ab5649b22b3	91.525	756	38	23	816	1	816	54784	40283	39480	0.0
Kan+_Neo+	80c57deb-26a3-449d-b7f9-2ab5649b22b3	95.825	482	8	9	816	1	499	54784	46887	46394	0.0
Kan+_Neo+	80c57deb-26a3-449d-b7f9-2ab5649b22b3	93.360	464	21	9	816	1	496	54784	8025	8510	0.0
Kan+_Neo+	4b5aa7d1-0148-4b98-ad9c-be9dc586df0c	97.073	796	12	11	816	5	816	21185	4465	5280	0.0
Kan+_Neo+	4b5aa7d1-0148-4b98-ad9c-be9dc586df0c	96.215	788	16	13	816	1	816	21185	1752	2558	0.0
Kan+_Neo+	4b5aa7d1-0148-4b98-ad9c-be9dc586df0c	94.647	778	22	16	816	1	816	21185	15310	14505	0.0
Kan+_Neo+	4b5aa7d1-0148-4b98-ad9c-be9dc586df0c	93.126	569	13	23	816	222	816	21185	7673	7076	0.0
Kan+_Neo+	4b5aa7d1-0148-4b98-ad9c-be9dc586df0c	84.916	304	30	19	816	468	816	21185	20870	20528	8.78e-91
Kan+_Neo+	5e83a439-6687-43ac-bf64-ddfb89baf36f	96.951	795	15	8	816	1	816	40630	18696	19509	0.0
Kan+_Neo+	5e83a439-6687-43ac-bf64-ddfb89baf36f	96.711	794	8	16	816	1	816	40630	26389	27195	0.0
Kan+_Neo+	5e83a439-6687-43ac-bf64-ddfb89baf36f	96.107	790	8	15	816	1	816	40630	33673	32870	0.0
Kan+_Neo+	5e83a439-6687-43ac-bf64-ddfb89baf36f	95.377	784	21	15	816	3	816	40630	3408	2596	0.0
Kan+_Neo+	5e83a439-6687-43ac-bf64-ddfb89baf36f	91.983	631	32	18	816	143	816	40630	11129	11803	0.0
Kan+_Neo+	5e83a439-6687-43ac-bf64-ddfb89baf36f	80.552	671	62	62	816	1	816	40630	8202	8951	1.34e-153
Kan+_Neo+	3727ce3d-2b0d-4d5d-9fab-95f681f6868f	96.837	796	11	13	816	1	814	26142	1230	416	0.0
Kan+_Neo+	3727ce3d-2b0d-4d5d-9fab-95f681f6868f	96.719	796	8	15	816	1	816	26142	9954	10764	0.0
Kan+_Neo+	3727ce3d-2b0d-4d5d-9fab-95f681f6868f	96.774	360	5	5	816	1	370	26142	22736	23102	4.69e-173
Kan+_Neo+	e65e6308-03d6-47ad-a1d3-f788b0e19115	96.947	794	8	12	816	1	816	16928	11820	11016	0.0
Kan+_Neo+	e65e6308-03d6-47ad-a1d3-f788b0e19115	99.262	269	0	2	816	547	816	16928	3978	3709	2.96e-135
Kan+_Neo+	52f79d40-3725-4363-89fa-b680bab095af	96.825	793	11	14	816	1	816	8147	3182	2376	0.0
Kan+_Neo+	89e3e169-6468-4ce2-bdd5-e6cc60b9084a	96.822	792	11	12	816	1	816	40549	20004	20808	0.0
Kan+_Neo+	89e3e169-6468-4ce2-bdd5-e6cc60b9084a	96.107	790	16	13	816	1	816	40549	36011	36822	0.0
Kan+_Neo+	89e3e169-6468-4ce2-bdd5-e6cc60b9084a	95.493	784	17	17	816	1	810	40549	22718	23529	0.0
Kan+_Neo+	89e3e169-6468-4ce2-bdd5-e6cc60b9084a	95.706	780	13	19	816	1	805	40549	12478	11676	0.0
Kan+_Neo+	89e3e169-6468-4ce2-bdd5-e6cc60b9084a	95.140	783	18	18	816	1	813	40549	26144	25334	0.0
Kan+_Neo+	89e3e169-6468-4ce2-bdd5-e6cc60b9084a	92.521	767	20	30	816	1	816	40549	1684	2483	0.0
Kan+_Neo+	89e3e169-6468-4ce2-bdd5-e6cc60b9084a	90.728	548	24	23	816	222	816	40549	4861	4281	0.0
Kan+_Neo+	89e3e169-6468-4ce2-bdd5-e6cc60b9084a	88.136	312	19	18	816	467	816	40549	18040	17706	1.43e-108
Kan+_Neo+	6537d7ab-d33f-41e0-80fd-fe9f93f95200	96.707	793	10	13	816	1	812	25333	16566	15756	0.0
Kan+_Neo+	6537d7ab-d33f-41e0-80fd-fe9f93f95200	98.108	363	1	6	816	3	370	25333	3892	3527	0.0
Kan+_Neo+	9222f67e-b4d8-480c-908a-16b79deda5e9	96.481	795	9	17	816	1	816	38829	18995	18184	0.0
Kan+_Neo+	9222f67e-b4d8-480c-908a-16b79deda5e9	94.928	786	13	17	816	1	815	38829	29124	29935	0.0
Kan+_Neo+	9222f67e-b4d8-480c-908a-16b79deda5e9	94.585	786	16	21	816	4	816	38829	8193	9012	0.0
Kan+_Neo+	9222f67e-b4d8-480c-908a-16b79deda5e9	92.718	764	21	24	816	1	816	38829	21653	20861	0.0
Kan+_Neo+	9222f67e-b4d8-480c-908a-16b79deda5e9	94.822	641	11	20	816	1	668	38829	660	1	0.0
Kan+_Neo+	9222f67e-b4d8-480c-908a-16b79deda5e9	94.527	570	17	14	816	222	816	38829	15781	16375	0.0
Kan+_Neo+	9222f67e-b4d8-480c-908a-16b79deda5e9	95.866	371	2	8	816	440	814	38829	2943	2559	4.69e-173
Kan+_Neo+	9222f67e-b4d8-480c-908a-16b79deda5e9	95.225	359	11	4	816	440	816	38829	23910	23541	7.90e-166
Kan+_Neo+	5331fea0-0eed-48df-8087-55ac71d20e1e	96.476	794	10	17	816	1	816	8955	2313	3123	0.0
Kan+_Neo+	be675bf2-2cd1-4024-976b-fde20709f652	96.476	794	9	14	816	1	816	68115	52265	53074	0.0
Kan+_Neo+	be675bf2-2cd1-4024-976b-fde20709f652	95.620	786	17	16	816	5	816	68115	27917	28729	0.0
Kan+_Neo+	be675bf2-2cd1-4024-976b-fde20709f652	94.897	781	19	18	816	1	816	68115	43449	42643	0.0
Kan+_Neo+	be675bf2-2cd1-4024-976b-fde20709f652	94.342	767	17	20	816	10	816	68115	35190	34401	0.0
Kan+_Neo+	be675bf2-2cd1-4024-976b-fde20709f652	93.607	776	26	23	816	1	816	68115	2962	2148	0.0
Kan+_Neo+	be675bf2-2cd1-4024-976b-fde20709f652	94.219	766	6	25	816	1	811	68115	9168	9941	0.0
Kan+_Neo+	be675bf2-2cd1-4024-976b-fde20709f652	89.639	744	42	29	816	5	810	68115	25190	25999	0.0
Kan+_Neo+	be675bf2-2cd1-4024-976b-fde20709f652	89.234	746	35	42	816	1	816	68115	20746	21546	0.0
Kan+_Neo+	be675bf2-2cd1-4024-976b-fde20709f652	91.389	467	21	17	816	1	496	68115	18473	18975	0.0
Kan+_Neo+	be675bf2-2cd1-4024-976b-fde20709f652	95.161	354	3	12	816	1	370	68115	64969	65327	7.95e-161
Kan+_Neo+	4820bb43-4af0-435b-8ac8-74ccdecd8de2	96.355	793	15	12	816	1	816	63391	24980	25794	0.0
Kan+_Neo+	4820bb43-4af0-435b-8ac8-74ccdecd8de2	96.210	787	15	12	816	1	816	63391	16198	15395	0.0
Kan+_Neo+	4820bb43-4af0-435b-8ac8-74ccdecd8de2	95.990	790	15	15	816	1	816	63391	38593	37782	0.0
Kan+_Neo+	4820bb43-4af0-435b-8ac8-74ccdecd8de2	96.370	770	11	13	816	21	816	63391	47269	48052	0.0
Kan+_Neo+	4820bb43-4af0-435b-8ac8-74ccdecd8de2	95.957	356	2	9	816	1	370	63391	3481	3123	7.90e-166
Kan+_Neo+	4820bb43-4af0-435b-8ac8-74ccdecd8de2	94.609	351	9	6	816	1	370	63391	59935	60295	4.79e-158
Kan+_Neo+	599af909-8513-4867-94da-e4a3ac2596ec	96.355	793	9	14	816	1	816	12873	9981	10789	0.0
Kan+_Neo+	771255f5-9029-4ddf-b1be-3814369336cb	96.355	793	8	14	816	1	816	71997	64130	63323	0.0
Kan+_Neo+	771255f5-9029-4ddf-b1be-3814369336cb	96.121	793	10	18	816	1	816	71997	9385	8574	0.0
Kan+_Neo+	771255f5-9029-4ddf-b1be-3814369336cb	95.758	790	11	19	816	1	816	71997	41037	41846	0.0
Kan+_Neo+	771255f5-9029-4ddf-b1be-3814369336cb	95.539	771	12	18	816	19	816	71997	19831	20622	0.0
Kan+_Neo+	771255f5-9029-4ddf-b1be-3814369336cb	94.737	774	17	16	816	1	816	71997	12099	11308	0.0
Kan+_Neo+	771255f5-9029-4ddf-b1be-3814369336cb	94.317	780	21	20	816	1	816	71997	6021	6832	0.0
Kan+_Neo+	771255f5-9029-4ddf-b1be-3814369336cb	92.261	763	27	25	816	1	816	71997	58053	57253	0.0
Kan+_Neo+	771255f5-9029-4ddf-b1be-3814369336cb	90.725	763	33	30	816	1	816	71997	54908	54088	0.0
Kan+_Neo+	771255f5-9029-4ddf-b1be-3814369336cb	96.013	578	10	12	816	222	816	71997	27350	27944	0.0
Kan+_Neo+	771255f5-9029-4ddf-b1be-3814369336cb	88.319	741	44	44	816	1	816	71997	33293	32486	0.0
Kan+_Neo+	771255f5-9029-4ddf-b1be-3814369336cb	83.818	720	61	50	816	1	816	71997	30591	29768	0.0
Kan+_Neo+	771255f5-9029-4ddf-b1be-3814369336cb	97.613	368	5	3	816	440	816	71997	14363	13991	0.0
Kan+_Neo+	771255f5-9029-4ddf-b1be-3814369336cb	89.226	265	15	13	816	440	730	71997	35586	35301	3.14e-95
Kan+_Neo+	771255f5-9029-4ddf-b1be-3814369336cb	81.370	297	29	28	816	462	816	71997	14359	14694	7.03e-67
Kan+_Neo+	771255f5-9029-4ddf-b1be-3814369336cb	92.241	107	1	7	816	684	799	71997	35751	35858	9.49e-36
Kan+_Neo+	90e71be2-ec98-4df0-b890-9ed6fbbce854	96.024	797	14	14	816	1	816	7263	2474	1650	0.0
Kan+_Neo+	011f345c-cd9f-42af-8e5f-5ec4b95b90a5	96.126	794	12	16	816	1	816	40918	15350	14535	0.0
Kan+_Neo+	011f345c-cd9f-42af-8e5f-5ec4b95b90a5	95.864	788	15	15	816	1	816	40918	21573	22381	0.0
Kan+_Neo+	011f345c-cd9f-42af-8e5f-5ec4b95b90a5	95.615	785	20	13	816	1	816	40918	33324	34133	0.0
Kan+_Neo+	011f345c-cd9f-42af-8e5f-5ec4b95b90a5	95.758	790	6	18	816	1	816	40918	37793	38597	0.0
Kan+_Neo+	011f345c-cd9f-42af-8e5f-5ec4b95b90a5	95.716	782	15	15	816	6	815	40918	5520	6323	0.0
Kan+_Neo+	011f345c-cd9f-42af-8e5f-5ec4b95b90a5	98.773	483	4	2	816	1	487	40918	31045	31533	0.0
Kan+_Neo+	011f345c-cd9f-42af-8e5f-5ec4b95b90a5	94.483	411	10	11	816	2	433	40918	40492	40915	0.0
Kan+_Neo+	2f86e314-ed55-4244-953d-d8a7e215b46e	96.210	787	18	11	816	1	813	48469	29201	28392	0.0
Kan+_Neo+	2f86e314-ed55-4244-953d-d8a7e215b46e	95.788	796	13	12	816	1	816	48469	23171	22348	0.0
Kan+_Neo+	2f86e314-ed55-4244-953d-d8a7e215b46e	94.125	785	17	21	816	1	816	48469	5565	6384	0.0
Kan+_Neo+	2f86e314-ed55-4244-953d-d8a7e215b46e	93.909	663	14	16	816	117	816	48469	19857	19175	0.0
Kan+_Neo+	2f86e314-ed55-4244-953d-d8a7e215b46e	94.056	269	5	8	816	528	811	48469	1	276	8.48e-116
Kan+_Neo+	2f86e314-ed55-4244-953d-d8a7e215b46e	93.796	257	5	10	816	547	816	48469	43501	43766	3.97e-109
Kan+_Neo+	44fd9851-e353-4a19-9f55-fd30dcb819c6	95.899	795	11	18	816	1	816	46799	4029	4847	0.0
Kan+_Neo+	44fd9851-e353-4a19-9f55-fd30dcb819c6	95.433	794	5	20	816	2	816	46799	1298	2113	0.0
Kan+_Neo+	44fd9851-e353-4a19-9f55-fd30dcb819c6	94.565	783	17	20	816	1	813	46799	18285	17471	0.0
Kan+_Neo+	44fd9851-e353-4a19-9f55-fd30dcb819c6	93.990	782	21	21	816	1	816	46799	36159	36977	0.0
Kan+_Neo+	44fd9851-e353-4a19-9f55-fd30dcb819c6	93.750	780	16	26	816	1	816	46799	43500	44311	0.0
Kan+_Neo+	44fd9851-e353-4a19-9f55-fd30dcb819c6	92.584	774	22	27	816	1	816	46799	24430	25245	0.0
Kan+_Neo+	44fd9851-e353-4a19-9f55-fd30dcb819c6	85.803	689	52	47	816	57	816	46799	40783	41566	0.0
Kan+_Neo+	44fd9851-e353-4a19-9f55-fd30dcb819c6	92.688	469	16	16	816	1	496	46799	33871	34365	0.0
Kan+_Neo+	44fd9851-e353-4a19-9f55-fd30dcb819c6	90.563	499	13	29	816	285	816	46799	7016	6486	0.0
Kan+_Neo+	b68a028d-c6da-4b77-953a-ddcab9d27611	95.995	791	13	18	816	1	816	19657	3869	4680	0.0
Kan+_Neo+	b68a028d-c6da-4b77-953a-ddcab9d27611	92.720	675	21	28	816	95	816	19657	11941	12642	0.0
Kan+_Neo+	82c198f9-3f84-480a-97b8-412096445ab4	96.210	787	10	14	816	1	816	14758	1733	935	0.0
Kan+_Neo+	82c198f9-3f84-480a-97b8-412096445ab4	95.647	791	12	16	816	1	816	14758	7824	7011	0.0
Kan+_Neo+	03818b2d-c83d-43d2-939f-8588ec801f03	95.763	791	18	12	816	1	816	10412	2318	3136	0.0
Kan+_Neo+	03818b2d-c83d-43d2-939f-8588ec801f03	95.663	794	10	19	816	1	816	10412	7422	8239	0.0
Kan+_Neo+	ebc994cc-50d6-4d20-806c-e93cb9600be8	95.894	794	5	21	816	1	816	48069	32010	32820	0.0
Kan+_Neo+	ebc994cc-50d6-4d20-806c-e93cb9600be8	94.782	781	16	17	816	1	816	48069	5141	5945	0.0
Kan+_Neo+	ebc994cc-50d6-4d20-806c-e93cb9600be8	94.358	786	8	24	816	1	816	48069	667	1477	0.0
Kan+_Neo+	ebc994cc-50d6-4d20-806c-e93cb9600be8	93.705	774	14	25	816	1	816	48069	23147	22350	0.0
Kan+_Neo+	ebc994cc-50d6-4d20-806c-e93cb9600be8	84.442	711	49	62	816	8	816	48069	7866	8658	0.0
Kan+_Neo+	ebc994cc-50d6-4d20-806c-e93cb9600be8	93.566	349	13	7	816	1	370	48069	44714	45078	1.73e-152
Kan+_Neo+	ebc994cc-50d6-4d20-806c-e93cb9600be8	96.642	259	3	5	816	1	266	48069	14968	14705	8.42e-121
Kan+_Neo+	d67ef7bd-3eae-4e0e-bfbe-3c6246806082	95.879	791	10	17	816	1	816	21070	12448	13257	0.0
Kan+_Neo+	d67ef7bd-3eae-4e0e-bfbe-3c6246806082	95.054	788	21	16	816	1	816	21070	9224	10045	0.0
Kan+_Neo+	d67ef7bd-3eae-4e0e-bfbe-3c6246806082	76.875	615	62	83	816	31	801	21070	3955	4660	3.16e-90
Kan+_Neo+	c416e302-ed96-438e-b5c0-d510c716e55a	95.864	788	15	13	816	1	816	14240	8342	9150	0.0
Kan+_Neo+	c416e302-ed96-438e-b5c0-d510c716e55a	97.218	594	2	11	816	9	615	14240	600	1	0.0
Kan+_Neo+	c416e302-ed96-438e-b5c0-d510c716e55a	98.667	370	1	3	816	440	813	14240	2876	2505	0.0
Kan+_Neo+	c416e302-ed96-438e-b5c0-d510c716e55a	86.495	269	19	16	816	508	813	14240	2918	3210	1.14e-84
Kan+_Neo+	0fd0479c-d806-483d-836b-715a6f0ca40e	95.864	788	10	20	816	6	816	21664	1089	1897	0.0
Kan+_Neo+	0fd0479c-d806-483d-836b-715a6f0ca40e	94.775	780	26	14	816	1	816	21664	15115	14303	0.0
Kan+_Neo+	0fd0479c-d806-483d-836b-715a6f0ca40e	96.399	348	3	8	816	462	816	21664	20690	20334	1.02e-164
Kan+_Neo+	0fd0479c-d806-483d-836b-715a6f0ca40e	86.786	243	12	17	816	530	804	21664	20752	21011	3.23e-75
Kan+_Neo+	7b225e62-af07-45b9-8fbd-1bbb473b293d	98.516	730	4	7	816	79	816	2554	2553	1817	0.0
Kan+_Neo+	e531606a-c562-427d-8329-dc756df1d27b	95.620	786	16	17	816	1	816	6115	3026	2219	0.0
Kan+_Neo+	e531606a-c562-427d-8329-dc756df1d27b	96.277	750	10	15	816	41	816	6115	3208	3970	0.0
Kan+_Neo+	a5bc75f0-7e19-4b0e-82f9-f5a7624a6bfd	95.307	792	13	17	816	2	816	43961	29851	30671	0.0
Kan+_Neo+	a5bc75f0-7e19-4b0e-82f9-f5a7624a6bfd	94.634	776	25	16	816	1	816	43961	12586	11782	0.0
Kan+_Neo+	a5bc75f0-7e19-4b0e-82f9-f5a7624a6bfd	94.444	782	23	21	816	1	816	43961	26636	27452	0.0
Kan+_Neo+	a5bc75f0-7e19-4b0e-82f9-f5a7624a6bfd	92.421	756	27	26	816	4	811	43961	20587	21379	0.0
Kan+_Neo+	a5bc75f0-7e19-4b0e-82f9-f5a7624a6bfd	97.386	596	5	8	816	212	816	43961	43959	43352	0.0
Kan+_Neo+	a5bc75f0-7e19-4b0e-82f9-f5a7624a6bfd	95.506	255	5	7	816	550	816	43961	4786	4527	1.10e-114
Kan+_Neo+	b73482bb-b0ba-4000-ad11-bd12e1321f2f	95.267	785	15	18	816	1	816	48084	946	1753	0.0
Kan+_Neo+	b73482bb-b0ba-4000-ad11-bd12e1321f2f	94.686	784	18	22	816	1	816	48084	5391	6204	0.0
Kan+_Neo+	b73482bb-b0ba-4000-ad11-bd12e1321f2f	93.765	782	18	20	816	1	816	48084	8117	8934	0.0
Kan+_Neo+	b73482bb-b0ba-4000-ad11-bd12e1321f2f	93.037	775	29	22	816	1	816	48084	32283	33103	0.0
Kan+_Neo+	b73482bb-b0ba-4000-ad11-bd12e1321f2f	89.976	745	43	31	816	7	816	48084	15398	14593	0.0
Kan+_Neo+	b73482bb-b0ba-4000-ad11-bd12e1321f2f	81.882	696	74	61	816	1	816	48084	23336	22533	0.0
Kan+_Neo+	b73482bb-b0ba-4000-ad11-bd12e1321f2f	95.722	358	7	7	816	1	370	48084	45071	45439	6.11e-167
Kan+_Neo+	2df96c35-783d-485f-a901-a75043fa7655	94.976	794	10	22	816	1	816	6900	2484	3307	0.0
Kan+_Neo+	fae31983-e85b-404e-86d7-61c4ad3a089a	95.042	786	17	18	816	1	816	62611	14	827	0.0
Kan+_Neo+	fae31983-e85b-404e-86d7-61c4ad3a089a	93.261	775	25	22	816	1	811	62611	8226	9045	0.0
Kan+_Neo+	fae31983-e85b-404e-86d7-61c4ad3a089a	92.261	763	34	25	816	1	816	62611	34086	33279	0.0
Kan+_Neo+	fae31983-e85b-404e-86d7-61c4ad3a089a	92.716	751	19	31	816	19	812	62611	59917	60702	0.0
Kan+_Neo+	fae31983-e85b-404e-86d7-61c4ad3a089a	92.112	759	30	25	816	1	813	62611	50081	49282	0.0
Kan+_Neo+	fae31983-e85b-404e-86d7-61c4ad3a089a	90.152	714	29	34	816	40	816	62611	40345	41102	0.0
Kan+_Neo+	fae31983-e85b-404e-86d7-61c4ad3a089a	88.172	738	49	38	816	1	816	62611	22486	21679	0.0
Kan+_Neo+	fae31983-e85b-404e-86d7-61c4ad3a089a	85.579	724	52	56	816	1	813	62611	18060	17252	0.0
Kan+_Neo+	fae31983-e85b-404e-86d7-61c4ad3a089a	96.230	485	7	9	816	3	499	62611	24723	24225	0.0
Kan+_Neo+	fae31983-e85b-404e-86d7-61c4ad3a089a	78.378	667	75	78	816	1	816	62611	15365	14589	3.89e-124
Kan+_Neo+	fae31983-e85b-404e-86d7-61c4ad3a089a	95.556	86	2	2	816	724	813	62611	62603	62516	2.66e-31
Kan+_Neo+	9d5744c0-b2e3-4e9a-8945-937b23a181cd	95.122	780	21	15	816	1	816	40055	29230	30034	0.0
Kan+_Neo+	9d5744c0-b2e3-4e9a-8945-937b23a181cd	91.456	760	32	30	816	1	816	40055	20643	19837	0.0
Kan+_Neo+	9d5744c0-b2e3-4e9a-8945-937b23a181cd	85.119	715	55	55	816	1	813	40055	2701	3497	0.0
Kan+_Neo+	9d5744c0-b2e3-4e9a-8945-937b23a181cd	84.551	706	66	50	816	7	813	40055	5355	6154	0.0
Kan+_Neo+	959001c7-bbd7-4f7b-8a84-71a9797de488	94.800	784	17	22	816	3	816	4624	1340	2153	0.0
Kan+_Neo+	6800e27d-8ee1-4176-a367-962c5ef37e8b	94.647	778	17	17	816	1	816	13003	3898	4698	0.0
Kan+_Neo+	8affa2e4-5c9c-4563-be23-f9d6808ab2b1	94.417	778	22	19	816	1	816	5001	4161	4968	0.0
Kan+_Neo+	8affa2e4-5c9c-4563-be23-f9d6808ab2b1	97.175	344	5	4	816	462	814	5001	1956	1607	6.11e-167
Kan+_Neo+	8affa2e4-5c9c-4563-be23-f9d6808ab2b1	81.748	318	24	29	816	440	816	5001	1952	2305	5.40e-73
Kan+_Neo+	05123ea9-42d2-4823-a01f-cf9ac3f84414	94.275	774	26	16	816	3	816	39523	3533	4339	0.0
Kan+_Neo+	05123ea9-42d2-4823-a01f-cf9ac3f84414	93.366	774	23	21	816	1	816	39523	35290	34481	0.0
Kan+_Neo+	05123ea9-42d2-4823-a01f-cf9ac3f84414	91.898	760	24	29	816	1	816	39523	18568	17774	0.0
Kan+_Neo+	05123ea9-42d2-4823-a01f-cf9ac3f84414	90.640	765	36	28	816	1	815	39523	11242	12071	0.0
Kan+_Neo+	05123ea9-42d2-4823-a01f-cf9ac3f84414	97.015	260	3	4	816	547	813	39523	27440	27177	1.81e-122
Kan+_Neo+	b7020a24-6da2-4b7e-9ac2-6caf91a42daa	94.019	786	17	24	816	5	816	5620	729	1555	0.0
Kan+_Neo+	67c16c2d-9dfd-4ef4-affd-1cd4d228ae0d	94.691	767	15	25	816	1	803	9663	791	3	0.0
Kan+_Neo+	1f34e8db-d611-4414-9b6f-8d48c307a268	93.848	778	24	21	816	1	813	50865	47536	48353	0.0
Kan+_Neo+	1f34e8db-d611-4414-9b6f-8d48c307a268	90.843	754	45	25	816	1	816	50865	13538	12726	0.0
Kan+_Neo+	1f34e8db-d611-4414-9b6f-8d48c307a268	90.048	751	35	36	816	1	816	50865	30851	31654	0.0
Kan+_Neo+	1f34e8db-d611-4414-9b6f-8d48c307a268	89.643	753	37	41	816	3	816	50865	16760	15945	0.0
Kan+_Neo+	1f34e8db-d611-4414-9b6f-8d48c307a268	89.298	751	42	37	816	3	816	50865	22806	21987	0.0
Kan+_Neo+	06bc4e05-ef76-442f-9855-4cec29e1ef78	93.758	781	23	21	816	1	816	2522	1096	276	0.0
Kan+_Neo+	05e6af22-7c7b-4f59-bb8d-9bee1ae9fd20	93.954	777	20	22	816	1	816	28951	12324	13131	0.0
Kan+_Neo+	05e6af22-7c7b-4f59-bb8d-9bee1ae9fd20	92.840	778	16	30	816	1	816	28951	24488	23673	0.0
Kan+_Neo+	05e6af22-7c7b-4f59-bb8d-9bee1ae9fd20	88.585	745	40	41	816	1	809	28951	20599	19783	0.0
Kan+_Neo+	05e6af22-7c7b-4f59-bb8d-9bee1ae9fd20	92.659	467	10	20	816	326	810	28951	27385	26890	0.0
Kan+_Neo+	5d3962e8-ee6c-4264-b0e3-5e6b2922f8f7	94.068	777	16	24	816	3	813	57197	40437	41244	0.0
Kan+_Neo+	5d3962e8-ee6c-4264-b0e3-5e6b2922f8f7	92.485	763	28	27	816	1	813	57197	54461	53659	0.0
Kan+_Neo+	5d3962e8-ee6c-4264-b0e3-5e6b2922f8f7	91.135	771	27	36	816	1	816	57197	32860	32033	0.0
Kan+_Neo+	5d3962e8-ee6c-4264-b0e3-5e6b2922f8f7	89.606	750	40	36	816	1	816	57197	11810	11000	0.0
Kan+_Neo+	5d3962e8-ee6c-4264-b0e3-5e6b2922f8f7	89.499	750	44	31	816	1	816	57197	30147	29332	0.0
Kan+_Neo+	5d3962e8-ee6c-4264-b0e3-5e6b2922f8f7	89.436	745	46	33	816	1	816	57197	5758	6565	0.0
Kan+_Neo+	5d3962e8-ee6c-4264-b0e3-5e6b2922f8f7	88.739	725	45	38	816	3	806	57197	9117	8335	0.0
Kan+_Neo+	5d3962e8-ee6c-4264-b0e3-5e6b2922f8f7	86.634	713	42	39	816	8	816	57197	19472	20240	0.0
Kan+_Neo+	5d3962e8-ee6c-4264-b0e3-5e6b2922f8f7	91.045	549	28	18	816	222	816	57197	26950	27534	0.0
Kan+_Neo+	5d3962e8-ee6c-4264-b0e3-5e6b2922f8f7	92.515	309	12	9	816	488	810	57197	57188	56857	1.39e-128
Kan+_Neo+	5d3962e8-ee6c-4264-b0e3-5e6b2922f8f7	86.667	312	21	20	816	440	793	57197	35094	34756	8.66e-101
Kan+_Neo+	5d3962e8-ee6c-4264-b0e3-5e6b2922f8f7	84.197	325	38	19	816	440	813	57197	14048	13674	1.13e-94
Kan+_Neo+	5d3962e8-ee6c-4264-b0e3-5e6b2922f8f7	82.480	306	27	27	816	462	815	57197	35090	35439	8.97e-76
Kan+_Neo+	8202a07f-f6f4-4de3-b2d4-ca86ab94fc6a	93.697	773	25	23	816	1	816	18494	12455	11649	0.0
Kan+_Neo+	8202a07f-f6f4-4de3-b2d4-ca86ab94fc6a	92.485	763	27	29	816	1	813	18494	7708	6907	0.0
Kan+_Neo+	8202a07f-f6f4-4de3-b2d4-ca86ab94fc6a	94.805	584	15	13	816	207	816	18494	3779	4383	0.0
Kan+_Neo+	8202a07f-f6f4-4de3-b2d4-ca86ab94fc6a	84.211	688	29	51	816	1	804	18494	17707	18436	0.0
Kan+_Neo+	8202a07f-f6f4-4de3-b2d4-ca86ab94fc6a	89.376	387	22	17	816	391	813	18494	10027	9609	8.12e-146
Kan+_Neo+	a767394f-cf93-4332-b26b-fd6ca8a11708	93.174	778	17	24	816	1	816	13788	3671	4484	0.0
Kan+_Neo+	a767394f-cf93-4332-b26b-fd6ca8a11708	88.158	737	37	40	816	5	816	13788	7986	8783	0.0
Kan+_Neo+	a767394f-cf93-4332-b26b-fd6ca8a11708	90.891	459	16	20	816	326	816	13788	729	1217	0.0
Kan+_Neo+	e39336be-026b-4843-a90e-4eb1220d9d20	93.309	767	30	21	816	1	816	62342	40318	39516	0.0
Kan+_Neo+	e39336be-026b-4843-a90e-4eb1220d9d20	92.624	766	26	25	816	1	816	62342	18029	18831	0.0
Kan+_Neo+	e39336be-026b-4843-a90e-4eb1220d9d20	91.215	758	32	29	816	1	816	62342	25607	26411	0.0
Kan+_Neo+	e39336be-026b-4843-a90e-4eb1220d9d20	90.580	750	28	32	816	1	813	62342	10551	9759	0.0
Kan+_Neo+	e39336be-026b-4843-a90e-4eb1220d9d20	90.120	748	37	35	816	1	816	62342	33074	33872	0.0
Kan+_Neo+	e39336be-026b-4843-a90e-4eb1220d9d20	86.301	126	9	9	816	673	813	62342	15885	16024	5.71e-33
Kan+_Neo+	ae8ffdb1-6306-4db1-a460-7f990518c1af	92.985	782	18	26	816	1	816	16743	3559	2735	0.0
Kan+_Neo+	fc6c8ca0-f5bd-40f7-b3f6-18eed1f347ab	93.116	771	20	26	816	1	816	18647	4416	3614	0.0
Kan+_Neo+	fc6c8ca0-f5bd-40f7-b3f6-18eed1f347ab	90.000	450	10	23	816	326	813	18647	7284	6813	6.06e-172
Kan+_Neo+	fc6c8ca0-f5bd-40f7-b3f6-18eed1f347ab	92.754	256	9	6	816	1	272	18647	269	1	3.09e-105
Kan+_Neo+	bfb55b2f-3e2e-43e2-9931-40fc4c0bf040	93.268	762	21	24	816	3	810	28909	21635	20844	0.0
Kan+_Neo+	bfb55b2f-3e2e-43e2-9931-40fc4c0bf040	89.117	737	34	39	816	5	816	28909	14403	15188	0.0
Kan+_Neo+	bfb55b2f-3e2e-43e2-9931-40fc4c0bf040	96.099	468	5	9	816	339	816	28909	28897	28416	0.0
Kan+_Neo+	bfb55b2f-3e2e-43e2-9931-40fc4c0bf040	92.963	251	6	9	816	547	815	28909	5600	5857	5.17e-103
Kan+_Neo+	52355bac-6340-46a7-a881-6ebfe3ad31b7	92.668	771	12	34	816	4	812	13908	2295	3100	0.0
Kan+_Neo+	52355bac-6340-46a7-a881-6ebfe3ad31b7	91.243	771	22	33	816	1	816	13908	10561	9740	0.0
Kan+_Neo+	cd820f50-59d9-44b3-996f-b6f56f1a1651	92.400	766	22	25	816	1	810	13215	5194	6000	0.0
Kan+_Neo+	cd820f50-59d9-44b3-996f-b6f56f1a1651	91.697	762	26	30	816	1	816	13215	420	1222	0.0
Kan+_Neo+	cd820f50-59d9-44b3-996f-b6f56f1a1651	86.050	549	26	37	816	207	812	13215	9211	8605	6.02e-177
Kan+_Neo+	cd820f50-59d9-44b3-996f-b6f56f1a1651	87.317	358	13	29	816	425	811	13215	2900	3293	1.41e-118
Kan+_Neo+	6c7a7b70-4be9-4e7f-8dbb-d9d78d636e29	92.242	761	34	19	816	1	815	25730	24654	25458	0.0
Kan+_Neo+	6c7a7b70-4be9-4e7f-8dbb-d9d78d636e29	90.810	751	39	30	816	1	816	25730	15873	15073	0.0
Kan+_Neo+	6c7a7b70-4be9-4e7f-8dbb-d9d78d636e29	90.526	344	18	12	816	1	369	25730	3486	3114	1.07e-134
Kan+_Neo+	3e244a2c-6a17-4086-a4e3-c62bbd00cd7a	92.159	764	29	26	816	1	816	36026	11427	12232	0.0
Kan+_Neo+	3e244a2c-6a17-4086-a4e3-c62bbd00cd7a	93.099	742	20	25	816	1	782	36026	1260	484	0.0
Kan+_Neo+	3e244a2c-6a17-4086-a4e3-c62bbd00cd7a	90.396	753	44	31	816	1	816	36026	6636	7449	0.0
Kan+_Neo+	3e244a2c-6a17-4086-a4e3-c62bbd00cd7a	92.093	396	24	9	816	391	816	36026	9107	9530	4.72e-168
Kan+_Neo+	c64c4f23-8e33-44cd-ace4-750c031a9d04	92.086	768	24	29	816	1	816	8190	1340	2149	0.0
Kan+_Neo+	24f4ec95-85a7-4741-b561-45342338e1b0	90.898	779	19	35	816	1	816	29426	14918	15756	0.0
Kan+_Neo+	24f4ec95-85a7-4741-b561-45342338e1b0	87.850	752	38	45	816	1	816	29426	23061	22232	0.0
Kan+_Neo+	24f4ec95-85a7-4741-b561-45342338e1b0	84.000	735	48	56	816	2	816	29426	10667	11509	0.0
Kan+_Neo+	24f4ec95-85a7-4741-b561-45342338e1b0	85.513	425	39	20	816	326	816	29426	7751	8220	2.96e-135
Kan+_Neo+	d13d6125-819d-448f-b70e-bd3b4ef6a936	91.435	758	26	34	816	8	814	12599	891	86	0.0
Kan+_Neo+	d13d6125-819d-448f-b70e-bd3b4ef6a936	87.421	695	50	39	816	41	813	12599	9023	8257	0.0
Kan+_Neo+	d13d6125-819d-448f-b70e-bd3b4ef6a936	88.098	644	35	28	816	115	813	12599	6248	5538	0.0
Kan+_Neo+	85a4b696-cccb-4d46-8a49-942153f164a7	91.415	756	30	32	816	1	814	21092	10715	9917	0.0
Kan+_Neo+	85a4b696-cccb-4d46-8a49-942153f164a7	90.419	755	29	37	816	1	816	21092	18414	19216	0.0
Kan+_Neo+	85a4b696-cccb-4d46-8a49-942153f164a7	88.983	315	12	20	816	462	813	21092	16245	15917	1.83e-112
Kan+_Neo+	85a4b696-cccb-4d46-8a49-942153f164a7	83.077	324	22	30	816	440	816	21092	16241	16599	5.32e-83
Kan+_Neo+	3ce0c59f-2605-40e7-b0fa-af73c7ca6fdc	97.709	597	2	10	816	208	816	21381	1259	659	0.0
Kan+_Neo+	724fceed-9171-4acc-9eb0-307fd5def317	90.319	737	27	28	816	5	816	14798	12491	13258	0.0
Kan+_Neo+	724fceed-9171-4acc-9eb0-307fd5def317	87.651	724	62	31	816	9	816	14798	2367	1564	0.0
Kan+_Neo+	724fceed-9171-4acc-9eb0-307fd5def317	80.193	664	81	65	816	3	816	14798	5223	4465	6.24e-152
Kan+_Neo+	724fceed-9171-4acc-9eb0-307fd5def317	79.189	293	25	25	816	57	423	14798	9968	10288	2.58e-51
Kan+_Neo+	b8d1d862-48c3-4bcf-9f28-f309389562c3	88.863	758	38	37	816	3	816	6201	5524	4690	0.0
Kan+_Neo+	418ddcdb-e730-4beb-99fe-15b8a1bb7408	93.501	633	17	20	816	1	668	13324	680	22	0.0
Kan+_Neo+	bcf9bf08-a480-447b-b136-7cbc756ed2b8	88.862	734	45	32	816	4	816	22717	6636	7427	0.0
Kan+_Neo+	bcf9bf08-a480-447b-b136-7cbc756ed2b8	94.485	257	5	7	816	547	816	22717	14511	14774	6.60e-112
Kan+_Neo+	1a1a59a1-500e-466a-96d6-42a8ae40e156	88.439	742	49	33	816	1	816	11537	4969	5782	0.0
Kan+_Neo+	0eb29439-b103-46e0-ab81-2a7cc5bfe822	88.146	751	37	38	816	5	816	2637	1322	2149	0.0
Kan+_Neo+	fffa3417-c7b9-4f29-8aae-94908e850f86	87.956	723	56	36	816	1	813	26661	8025	7238	0.0
Kan+_Neo+	fffa3417-c7b9-4f29-8aae-94908e850f86	87.500	721	47	45	816	5	816	26661	905	1684	0.0
Kan+_Neo+	fffa3417-c7b9-4f29-8aae-94908e850f86	87.874	616	37	32	816	134	816	26661	24435	23765	0.0
Kan+_Neo+	fffa3417-c7b9-4f29-8aae-94908e850f86	83.658	215	21	18	816	561	812	26661	16816	16576	3.32e-55
Kan+_Neo+	6f2c1f8b-cc84-4d56-a122-bb38b7886beb	87.141	759	40	43	816	1	813	14950	13696	12840	0.0
Kan+_Neo+	6f2c1f8b-cc84-4d56-a122-bb38b7886beb	86.567	754	37	44	816	1	812	14950	3277	4126	0.0
Kan+_Neo+	f3f47789-7176-4175-b7af-9e9dd36fa62d	99.396	494	1	2	816	1	496	2211	94	589	0.0
Kan+_Neo+	ec6828be-defb-4a22-92c7-9ffefdd1e090	93.237	579	19	17	816	207	816	7225	1228	620	0.0
Kan+_Neo+	2737f491-9563-4e75-b667-9769c8a4d54e	92.617	552	15	25	816	233	816	15911	2	580	0.0
Kan+_Neo+	2737f491-9563-4e75-b667-9769c8a4d54e	92.800	348	13	10	816	1	370	15911	12519	12884	4.85e-148
Kan+_Neo+	c722696e-8f29-4051-964f-384277254b35	84.662	701	51	60	816	14	815	72604	17249	18026	0.0
Kan+_Neo+	c722696e-8f29-4051-964f-384277254b35	83.591	703	61	56	816	6	811	72604	6246	7044	0.0
Kan+_Neo+	c722696e-8f29-4051-964f-384277254b35	81.481	638	53	77	816	52	808	72604	33136	32420	2.23e-156
Kan+_Neo+	c722696e-8f29-4051-964f-384277254b35	80.485	664	63	74	816	5	804	72604	37219	36468	2.24e-151
Kan+_Neo+	c722696e-8f29-4051-964f-384277254b35	81.225	610	53	65	816	1	719	72604	65643	64949	2.26e-146
Kan+_Neo+	c722696e-8f29-4051-964f-384277254b35	78.954	589	76	61	816	101	816	72604	53586	54280	1.41e-118
Kan+_Neo+	c722696e-8f29-4051-964f-384277254b35	77.598	672	90	85	816	6	814	72604	25260	26078	1.82e-117
Kan+_Neo+	c722696e-8f29-4051-964f-384277254b35	82.376	416	29	49	816	326	810	72604	68421	67957	4.00e-104
Kan+_Neo+	c722696e-8f29-4051-964f-384277254b35	76.450	646	95	71	816	5	814	72604	11283	12058	1.87e-97
Kan+_Neo+	c722696e-8f29-4051-964f-384277254b35	82.086	362	30	36	816	399	813	72604	40012	39595	5.29e-88
Kan+_Neo+	c722696e-8f29-4051-964f-384277254b35	77.385	503	50	71	816	8	626	72604	61666	61083	1.93e-77
Kan+_Neo+	cf94dbe9-481c-4697-834d-5db994a5c59e	99.038	412	2	2	816	1	414	9817	3040	2625	0.0
Kan+_Neo+	cf94dbe9-481c-4697-834d-5db994a5c59e	95.338	409	10	9	816	394	816	9817	8327	8751	0.0
Kan+_Neo+	d1b03622-a8e0-49d1-b869-9176c23ad415	97.587	364	3	5	816	1	370	9728	7908	8277	3.60e-179
Kan+_Neo+	d1b03622-a8e0-49d1-b869-9176c23ad415	97.319	363	7	2	816	1	370	9728	3449	3077	4.65e-178
Kan+_Neo+	6e666049-74f5-4cc8-83f9-e381d09f53b1	97.253	354	5	4	816	1	363	12116	3570	3211	1.69e-172
Kan+_Neo+	3ccc17a9-4a3a-41e2-a858-4ca8b288ddee	97.183	345	4	6	816	462	816	45184	44363	44015	1.70e-167
Kan+_Neo+	e80e5585-180b-4185-8f0c-9c7db1385d34	95.946	355	7	5	816	1	370	7698	5740	6101	6.11e-167
Kan+_Neo+	1d70bbe9-8167-44eb-80b1-85a7a660b40b	95.710	357	7	5	816	1	370	10639	3425	3059	2.20e-166
Kan+_Neo+	f2558649-e0e9-464b-a1a2-12f290c8741f	93.351	351	7	10	816	1	370	10955	7497	7860	8.07e-151
Kan+_Neo+	cb9be076-2d39-43d3-9941-4025cd3caaec	98.905	271	0	3	816	3	274	5711	5439	5711	1.07e-134
Kan+_Neo+	6dfc20b5-4102-43c9-9c85-e79532f8fc3b	93.728	269	4	12	816	536	816	71839	3	281	3.94e-114
Kan+_Neo+	197b53c7-4726-4d15-985d-980fa82928c6	95.699	89	0	4	816	725	816	1943	1	90	2.05e-32
