pIZPvG3PDH-AcFDP1_PvGapdh+AcGFP1	fb4027a4-c31c-4e5c-97e8-988e13ddcb7c	98.942	2338	4	19	2360	7	2360	34355	22351	24701	0.0
pIZPvG3PDH-AcFDP1_PvGapdh+AcGFP1	fb4027a4-c31c-4e5c-97e8-988e13ddcb7c	97.811	2323	15	26	2360	1	2360	34355	18984	21336	0.0
pIZPvG3PDH-AcFDP1_PvGapdh+AcGFP1	fb4027a4-c31c-4e5c-97e8-988e13ddcb7c	97.847	2318	16	22	2360	7	2360	34355	25712	28060	0.0
pIZPvG3PDH-AcFDP1_PvGapdh+AcGFP1	c27f1ab1-c564-4bf6-b9f4-4120e063c288	98.439	2334	11	19	2360	1	2360	54060	43206	45561	0.0
pIZPvG3PDH-AcFDP1_PvGapdh+AcGFP1	c27f1ab1-c564-4bf6-b9f4-4120e063c288	97.591	2309	21	25	2360	7	2360	54060	46585	48926	0.0
pIZPvG3PDH-AcFDP1_PvGapdh+AcGFP1	343980cd-0dd6-42ca-bdc7-bbb1280dc189	98.395	2329	16	18	2360	1	2360	38618	559	2910	0.0
pIZPvG3PDH-AcFDP1_PvGapdh+AcGFP1	343980cd-0dd6-42ca-bdc7-bbb1280dc189	97.983	2332	9	25	2360	1	2360	38618	21903	24263	0.0
pIZPvG3PDH-AcFDP1_PvGapdh+AcGFP1	343980cd-0dd6-42ca-bdc7-bbb1280dc189	95.900	2292	23	46	2360	1	2360	38618	34146	31802	0.0
pIZPvG3PDH-AcFDP1_PvGapdh+AcGFP1	3f45d9df-7978-490a-9618-46158c0fd1ec	98.273	2333	9	22	2360	7	2360	30296	25685	23324	0.0
pIZPvG3PDH-AcFDP1_PvGapdh+AcGFP1	3f45d9df-7978-490a-9618-46158c0fd1ec	97.948	2339	12	25	2360	1	2360	30296	29081	26703	0.0
pIZPvG3PDH-AcFDP1_PvGapdh+AcGFP1	3f45d9df-7978-490a-9618-46158c0fd1ec	97.238	2324	13	34	2360	1	2360	30296	21684	19318	0.0
pIZPvG3PDH-AcFDP1_PvGapdh+AcGFP1	3f45d9df-7978-490a-9618-46158c0fd1ec	97.029	2319	17	36	2360	7	2360	30296	18302	15931	0.0
pIZPvG3PDH-AcFDP1_PvGapdh+AcGFP1	5f9b63a0-b29c-46fe-9849-e321d27c2499	98.268	2326	15	21	2360	7	2360	75108	66663	69016	0.0
pIZPvG3PDH-AcFDP1_PvGapdh+AcGFP1	5f9b63a0-b29c-46fe-9849-e321d27c2499	97.520	2320	16	34	2360	1	2360	75108	59963	62317	0.0
pIZPvG3PDH-AcFDP1_PvGapdh+AcGFP1	5f9b63a0-b29c-46fe-9849-e321d27c2499	96.751	2293	29	34	2360	7	2360	75108	20258	22595	0.0
pIZPvG3PDH-AcFDP1_PvGapdh+AcGFP1	5f9b63a0-b29c-46fe-9849-e321d27c2499	95.661	2271	36	47	2360	7	2360	75108	63326	65652	0.0
pIZPvG3PDH-AcFDP1_PvGapdh+AcGFP1	7e5f0f2e-e8fe-458c-89a3-87b9ef67289c	98.146	2329	9	26	2360	1	2360	24187	9142	11492	0.0
pIZPvG3PDH-AcFDP1_PvGapdh+AcGFP1	7e5f0f2e-e8fe-458c-89a3-87b9ef67289c	97.263	2310	21	33	2360	7	2360	24187	15865	18216	0.0
pIZPvG3PDH-AcFDP1_PvGapdh+AcGFP1	7e5f0f2e-e8fe-458c-89a3-87b9ef67289c	97.096	2307	25	33	2360	7	2360	24187	12510	14863	0.0
pIZPvG3PDH-AcFDP1_PvGapdh+AcGFP1	9e63baac-2530-4a04-ba76-d6509c2fcef8	98.063	2329	11	25	2360	1	2360	70896	8787	11141	0.0
pIZPvG3PDH-AcFDP1_PvGapdh+AcGFP1	9e63baac-2530-4a04-ba76-d6509c2fcef8	98.096	2318	12	23	2360	7	2360	70896	49881	52219	0.0
pIZPvG3PDH-AcFDP1_PvGapdh+AcGFP1	9e63baac-2530-4a04-ba76-d6509c2fcef8	97.271	2317	16	37	2360	1	2360	70896	46517	48871	0.0
pIZPvG3PDH-AcFDP1_PvGapdh+AcGFP1	9e63baac-2530-4a04-ba76-d6509c2fcef8	97.023	2314	18	34	2360	1	2360	70896	21074	18718	0.0
pIZPvG3PDH-AcFDP1_PvGapdh+AcGFP1	9e63baac-2530-4a04-ba76-d6509c2fcef8	96.755	2296	25	35	2360	1	2360	70896	30364	28031	0.0
pIZPvG3PDH-AcFDP1_PvGapdh+AcGFP1	9e63baac-2530-4a04-ba76-d6509c2fcef8	87.641	2099	84	126	2360	1	2360	70896	2850	5067	0.0
pIZPvG3PDH-AcFDP1_PvGapdh+AcGFP1	0c3a1d28-5378-4f1a-bb31-f060e37232a4	97.695	2331	13	28	2360	7	2360	49669	42375	44750	0.0
pIZPvG3PDH-AcFDP1_PvGapdh+AcGFP1	0c3a1d28-5378-4f1a-bb31-f060e37232a4	96.758	2298	28	39	2360	1	2360	49669	39017	41357	0.0
pIZPvG3PDH-AcFDP1_PvGapdh+AcGFP1	0c3a1d28-5378-4f1a-bb31-f060e37232a4	95.840	2281	34	40	2360	1	2360	49669	3872	1538	0.0
pIZPvG3PDH-AcFDP1_PvGapdh+AcGFP1	10ead8ba-fb29-4904-acf2-2267f197d31a	97.885	2314	14	27	2360	12	2360	45456	37175	39517	0.0
pIZPvG3PDH-AcFDP1_PvGapdh+AcGFP1	10ead8ba-fb29-4904-acf2-2267f197d31a	96.555	2298	27	38	2360	7	2360	45456	33814	36164	0.0
pIZPvG3PDH-AcFDP1_PvGapdh+AcGFP1	10ead8ba-fb29-4904-acf2-2267f197d31a	96.399	2302	25	44	2360	1	2360	45456	30451	32805	0.0
pIZPvG3PDH-AcFDP1_PvGapdh+AcGFP1	10ead8ba-fb29-4904-acf2-2267f197d31a	94.593	2257	47	57	2360	7	2360	45456	14123	11788	0.0
pIZPvG3PDH-AcFDP1_PvGapdh+AcGFP1	abff7559-34d6-4200-84b4-19f4c7ccc028	97.012	2305	15	37	2360	1	2360	61691	49576	47241	0.0
pIZPvG3PDH-AcFDP1_PvGapdh+AcGFP1	3d0a5b6d-d0cb-43a0-ab89-520f01ac31ca	97.681	2317	19	27	2360	1	2360	7519	1233	3580	0.0
pIZPvG3PDH-AcFDP1_PvGapdh+AcGFP1	3d0a5b6d-d0cb-43a0-ab89-520f01ac31ca	86.862	2076	84	125	2360	1	2360	7519	6454	4265	0.0
pIZPvG3PDH-AcFDP1_PvGapdh+AcGFP1	c612e747-a793-49ad-a32c-37fe4bec170a	97.681	2317	19	22	2360	1	2360	62959	8503	10850	0.0
pIZPvG3PDH-AcFDP1_PvGapdh+AcGFP1	c612e747-a793-49ad-a32c-37fe4bec170a	96.139	2291	23	45	2360	1	2360	62959	38422	36086	0.0
pIZPvG3PDH-AcFDP1_PvGapdh+AcGFP1	c612e747-a793-49ad-a32c-37fe4bec170a	93.768	2242	70	53	2360	1	2360	62959	1226	3568	0.0
pIZPvG3PDH-AcFDP1_PvGapdh+AcGFP1	c612e747-a793-49ad-a32c-37fe4bec170a	93.664	2247	52	68	2360	1	2360	62959	30763	28426	0.0
pIZPvG3PDH-AcFDP1_PvGapdh+AcGFP1	c612e747-a793-49ad-a32c-37fe4bec170a	93.367	2224	60	70	2360	7	2360	62959	4571	6882	0.0
pIZPvG3PDH-AcFDP1_PvGapdh+AcGFP1	c612e747-a793-49ad-a32c-37fe4bec170a	89.557	2161	87	100	2360	1	2360	62959	48460	50760	0.0
pIZPvG3PDH-AcFDP1_PvGapdh+AcGFP1	747152ff-f7fd-4ea8-b215-07ed74ba91ef	97.606	2324	15	30	2360	1	2360	59406	23817	21458	0.0
pIZPvG3PDH-AcFDP1_PvGapdh+AcGFP1	4c686fb5-6b68-4669-9e42-cfc6558c68a1	97.603	2321	17	28	2360	1	2360	60718	59207	56852	0.0
pIZPvG3PDH-AcFDP1_PvGapdh+AcGFP1	4c686fb5-6b68-4669-9e42-cfc6558c68a1	96.710	2293	27	35	2360	1	2360	60718	10960	8630	0.0
pIZPvG3PDH-AcFDP1_PvGapdh+AcGFP1	4c686fb5-6b68-4669-9e42-cfc6558c68a1	95.833	2277	34	42	2360	9	2360	60718	36743	39077	0.0
pIZPvG3PDH-AcFDP1_PvGapdh+AcGFP1	4c686fb5-6b68-4669-9e42-cfc6558c68a1	95.681	2282	35	45	2360	7	2360	60718	40098	42445	0.0
pIZPvG3PDH-AcFDP1_PvGapdh+AcGFP1	5e83a439-6687-43ac-bf64-ddfb89baf36f	97.641	2318	15	28	2360	1	2360	40630	19699	22045	0.0
pIZPvG3PDH-AcFDP1_PvGapdh+AcGFP1	5e83a439-6687-43ac-bf64-ddfb89baf36f	96.349	2296	17	48	2360	1	2360	40630	11997	14332	0.0
pIZPvG3PDH-AcFDP1_PvGapdh+AcGFP1	5e83a439-6687-43ac-bf64-ddfb89baf36f	96.412	2284	26	41	2360	7	2360	40630	38712	36388	0.0
pIZPvG3PDH-AcFDP1_PvGapdh+AcGFP1	5e83a439-6687-43ac-bf64-ddfb89baf36f	93.551	2234	56	65	2360	1	2360	40630	2397	80	0.0
pIZPvG3PDH-AcFDP1_PvGapdh+AcGFP1	c94cf65f-1375-4a2f-bcb5-306720295d5d	97.598	2316	18	30	2360	1	2360	14277	5334	7680	0.0
pIZPvG3PDH-AcFDP1_PvGapdh+AcGFP1	c94cf65f-1375-4a2f-bcb5-306720295d5d	97.304	2310	14	32	2360	7	2360	14277	8681	11024	0.0
pIZPvG3PDH-AcFDP1_PvGapdh+AcGFP1	a28e27ef-8fe7-41e7-b7af-f8dac36304b0	97.478	2319	18	32	2360	1	2360	41592	23182	20827	0.0
pIZPvG3PDH-AcFDP1_PvGapdh+AcGFP1	a28e27ef-8fe7-41e7-b7af-f8dac36304b0	96.089	2285	35	32	2360	1	2360	41592	15512	13175	0.0
pIZPvG3PDH-AcFDP1_PvGapdh+AcGFP1	e37165b0-4f4a-4226-812f-a4f215e46278	97.439	2321	17	30	2360	1	2360	45850	21621	19262	0.0
pIZPvG3PDH-AcFDP1_PvGapdh+AcGFP1	e37165b0-4f4a-4226-812f-a4f215e46278	96.849	2305	20	40	2360	1	2360	45850	13922	11578	0.0
pIZPvG3PDH-AcFDP1_PvGapdh+AcGFP1	e37165b0-4f4a-4226-812f-a4f215e46278	93.022	2213	58	77	2360	1	2360	45850	31368	33657	0.0
pIZPvG3PDH-AcFDP1_PvGapdh+AcGFP1	176c66c4-dc11-40b8-87d5-db55b6da9cf7	97.343	2308	24	30	2360	1	2360	52334	14997	12655	0.0
pIZPvG3PDH-AcFDP1_PvGapdh+AcGFP1	176c66c4-dc11-40b8-87d5-db55b6da9cf7	96.796	2296	20	37	2360	7	2360	52334	11655	9322	0.0
pIZPvG3PDH-AcFDP1_PvGapdh+AcGFP1	8ea7dd96-8299-41e1-8f2c-40a470f7d3b3	97.271	2317	15	41	2360	1	2360	40185	21807	24160	0.0
pIZPvG3PDH-AcFDP1_PvGapdh+AcGFP1	8ea7dd96-8299-41e1-8f2c-40a470f7d3b3	88.335	2128	95	122	2360	1	2360	40185	15787	18058	0.0
pIZPvG3PDH-AcFDP1_PvGapdh+AcGFP1	5c7a89d4-816c-4079-a757-5db85f7bff41	97.306	2312	15	32	2360	1	2360	41242	6099	3757	0.0
pIZPvG3PDH-AcFDP1_PvGapdh+AcGFP1	5c7a89d4-816c-4079-a757-5db85f7bff41	90.769	2173	78	96	2360	28	2360	41242	23376	25687	0.0
pIZPvG3PDH-AcFDP1_PvGapdh+AcGFP1	db4b5fdc-0ea9-447b-84a1-12d0a7ac23ab	97.225	2312	22	30	2360	1	2360	59115	34606	36957	0.0
pIZPvG3PDH-AcFDP1_PvGapdh+AcGFP1	db4b5fdc-0ea9-447b-84a1-12d0a7ac23ab	97.264	2311	11	36	2360	7	2360	59115	37964	40307	0.0
pIZPvG3PDH-AcFDP1_PvGapdh+AcGFP1	1840cab9-5c18-4f12-aeed-d2dafdef9f85	97.457	2299	17	30	2360	7	2360	32943	13812	11492	0.0
pIZPvG3PDH-AcFDP1_PvGapdh+AcGFP1	1840cab9-5c18-4f12-aeed-d2dafdef9f85	97.049	2302	28	30	2360	7	2360	32943	21165	18818	0.0
pIZPvG3PDH-AcFDP1_PvGapdh+AcGFP1	1840cab9-5c18-4f12-aeed-d2dafdef9f85	95.445	2284	31	48	2360	1	2360	32943	24514	22167	0.0
pIZPvG3PDH-AcFDP1_PvGapdh+AcGFP1	88ac168f-6ef2-41fe-8331-6f7316ff83bf	97.268	2314	11	39	2360	1	2360	31221	15022	12679	0.0
pIZPvG3PDH-AcFDP1_PvGapdh+AcGFP1	fa5e6788-60f2-4349-a6ec-39eed0b41fa5	97.145	2314	25	31	2360	1	2360	17867	5010	7370	0.0
pIZPvG3PDH-AcFDP1_PvGapdh+AcGFP1	6f0ab79f-e38d-4b5c-8c20-a2ce1a99fad0	97.262	2309	11	33	2360	7	2360	14379	6318	3979	0.0
pIZPvG3PDH-AcFDP1_PvGapdh+AcGFP1	6f0ab79f-e38d-4b5c-8c20-a2ce1a99fad0	96.808	2305	27	39	2360	1	2360	14379	9683	7331	0.0
pIZPvG3PDH-AcFDP1_PvGapdh+AcGFP1	6f0ab79f-e38d-4b5c-8c20-a2ce1a99fad0	96.717	2298	31	38	2360	1	2360	14379	2357	13	0.0
pIZPvG3PDH-AcFDP1_PvGapdh+AcGFP1	82c198f9-3f84-480a-97b8-412096445ab4	97.063	2313	24	34	2360	1	2360	14758	6819	4460	0.0
pIZPvG3PDH-AcFDP1_PvGapdh+AcGFP1	a504fc47-99f8-41ff-abf5-2bd31f82fbbe	97.180	2309	18	34	2360	1	2360	70138	15877	13535	0.0
pIZPvG3PDH-AcFDP1_PvGapdh+AcGFP1	a504fc47-99f8-41ff-abf5-2bd31f82fbbe	97.011	2304	20	33	2360	1	2360	70138	8215	5877	0.0
pIZPvG3PDH-AcFDP1_PvGapdh+AcGFP1	a504fc47-99f8-41ff-abf5-2bd31f82fbbe	90.382	2152	91	93	2360	1	2360	70138	25736	27999	0.0
pIZPvG3PDH-AcFDP1_PvGapdh+AcGFP1	47e2ac17-b551-4e33-bd6c-aec6c1f1d6a3	96.984	2315	21	38	2360	7	2360	77593	16777	19145	0.0
pIZPvG3PDH-AcFDP1_PvGapdh+AcGFP1	47e2ac17-b551-4e33-bd6c-aec6c1f1d6a3	96.889	2305	20	40	2360	7	2360	77593	65649	67998	0.0
pIZPvG3PDH-AcFDP1_PvGapdh+AcGFP1	47e2ac17-b551-4e33-bd6c-aec6c1f1d6a3	96.871	2291	28	32	2360	7	2360	77593	69016	71345	0.0
pIZPvG3PDH-AcFDP1_PvGapdh+AcGFP1	47e2ac17-b551-4e33-bd6c-aec6c1f1d6a3	96.433	2298	32	38	2360	1	2360	77593	13404	15756	0.0
pIZPvG3PDH-AcFDP1_PvGapdh+AcGFP1	47e2ac17-b551-4e33-bd6c-aec6c1f1d6a3	96.184	2294	34	41	2360	1	2360	77593	62271	64623	0.0
pIZPvG3PDH-AcFDP1_PvGapdh+AcGFP1	e65e6308-03d6-47ad-a1d3-f788b0e19115	97.134	2305	19	39	2360	1	2360	16928	10823	8487	0.0
pIZPvG3PDH-AcFDP1_PvGapdh+AcGFP1	e65e6308-03d6-47ad-a1d3-f788b0e19115	96.044	2282	35	44	2360	7	2360	16928	7474	5136	0.0
pIZPvG3PDH-AcFDP1_PvGapdh+AcGFP1	e65e6308-03d6-47ad-a1d3-f788b0e19115	95.532	2288	25	50	2360	1	2360	16928	3514	1167	0.0
pIZPvG3PDH-AcFDP1_PvGapdh+AcGFP1	2f86e314-ed55-4244-953d-d8a7e215b46e	96.940	2313	28	39	2360	1	2360	48469	6578	8944	0.0
pIZPvG3PDH-AcFDP1_PvGapdh+AcGFP1	2f86e314-ed55-4244-953d-d8a7e215b46e	95.987	2296	26	51	2360	1	2360	48469	472	2825	0.0
pIZPvG3PDH-AcFDP1_PvGapdh+AcGFP1	2f86e314-ed55-4244-953d-d8a7e215b46e	95.718	2280	32	50	2360	1	2360	48469	28197	25864	0.0
pIZPvG3PDH-AcFDP1_PvGapdh+AcGFP1	2f86e314-ed55-4244-953d-d8a7e215b46e	95.472	2277	39	52	2360	1	2360	48469	18979	16639	0.0
pIZPvG3PDH-AcFDP1_PvGapdh+AcGFP1	2f86e314-ed55-4244-953d-d8a7e215b46e	94.317	2257	42	67	2360	1	2360	48469	43956	46287	0.0
pIZPvG3PDH-AcFDP1_PvGapdh+AcGFP1	2f86e314-ed55-4244-953d-d8a7e215b46e	85.909	2085	143	145	2360	23	2360	48469	40016	42332	0.0
pIZPvG3PDH-AcFDP1_PvGapdh+AcGFP1	3727ce3d-2b0d-4d5d-9fab-95f681f6868f	97.131	2302	20	35	2360	9	2360	26142	10959	13298	0.0
pIZPvG3PDH-AcFDP1_PvGapdh+AcGFP1	3727ce3d-2b0d-4d5d-9fab-95f681f6868f	96.091	2286	35	40	2360	7	2360	26142	17648	19993	0.0
pIZPvG3PDH-AcFDP1_PvGapdh+AcGFP1	fb84ca4a-1363-469b-b4eb-d8976a4ac258	96.976	2309	27	31	2360	1	2360	79029	68611	70967	0.0
pIZPvG3PDH-AcFDP1_PvGapdh+AcGFP1	fb84ca4a-1363-469b-b4eb-d8976a4ac258	97.000	2296	25	30	2360	7	2360	79029	75324	77657	0.0
pIZPvG3PDH-AcFDP1_PvGapdh+AcGFP1	fb84ca4a-1363-469b-b4eb-d8976a4ac258	95.914	2277	34	41	2360	7	2360	79029	71982	74312	0.0
pIZPvG3PDH-AcFDP1_PvGapdh+AcGFP1	fb84ca4a-1363-469b-b4eb-d8976a4ac258	93.170	2237	65	72	2360	1	2360	79029	25469	27811	0.0
pIZPvG3PDH-AcFDP1_PvGapdh+AcGFP1	fb84ca4a-1363-469b-b4eb-d8976a4ac258	90.669	2167	92	94	2360	8	2360	79029	28798	31093	0.0
pIZPvG3PDH-AcFDP1_PvGapdh+AcGFP1	858037d6-22b0-44d9-9d60-085ad46e78a4	97.127	2299	23	33	2360	1	2360	22541	7381	9709	0.0
pIZPvG3PDH-AcFDP1_PvGapdh+AcGFP1	858037d6-22b0-44d9-9d60-085ad46e78a4	96.791	2292	15	44	2360	17	2360	22541	14071	16401	0.0
pIZPvG3PDH-AcFDP1_PvGapdh+AcGFP1	858037d6-22b0-44d9-9d60-085ad46e78a4	96.282	2279	31	44	2360	7	2360	22541	10730	13052	0.0
pIZPvG3PDH-AcFDP1_PvGapdh+AcGFP1	91a8424f-4dab-4f5e-b2a4-674eb69351cc	96.977	2310	16	38	2360	1	2360	27986	4611	6958	0.0
pIZPvG3PDH-AcFDP1_PvGapdh+AcGFP1	91a8424f-4dab-4f5e-b2a4-674eb69351cc	89.092	2148	79	113	2360	1	2360	27986	20017	22294	0.0
pIZPvG3PDH-AcFDP1_PvGapdh+AcGFP1	1b83ae44-1421-4c79-ad86-108d98dae477	96.820	2314	26	38	2360	1	2360	16928	4317	6686	0.0
pIZPvG3PDH-AcFDP1_PvGapdh+AcGFP1	6ceac3dd-41b9-48d8-a810-30190807a2f2	96.976	2309	17	35	2360	1	2360	26905	26083	23737	0.0
pIZPvG3PDH-AcFDP1_PvGapdh+AcGFP1	6ceac3dd-41b9-48d8-a810-30190807a2f2	96.763	2302	32	35	2360	1	2360	26905	4553	2201	0.0
pIZPvG3PDH-AcFDP1_PvGapdh+AcGFP1	4b5aa7d1-0148-4b98-ad9c-be9dc586df0c	96.972	2306	23	38	2360	1	2360	21185	14310	11964	0.0
pIZPvG3PDH-AcFDP1_PvGapdh+AcGFP1	9462edd4-5a3c-4e08-99b5-e269ccebd716	96.922	2299	24	38	2360	7	2360	48968	18621	16281	0.0
pIZPvG3PDH-AcFDP1_PvGapdh+AcGFP1	9462edd4-5a3c-4e08-99b5-e269ccebd716	96.762	2301	28	33	2360	1	2360	48968	29278	26932	0.0
pIZPvG3PDH-AcFDP1_PvGapdh+AcGFP1	f221497a-f337-4102-beeb-77a1297f4405	96.340	2290	30	38	2360	1	2360	58952	7430	9766	0.0
pIZPvG3PDH-AcFDP1_PvGapdh+AcGFP1	f221497a-f337-4102-beeb-77a1297f4405	95.729	2286	35	46	2360	1	2360	58952	56573	58921	0.0
pIZPvG3PDH-AcFDP1_PvGapdh+AcGFP1	d67ef7bd-3eae-4e0e-bfbe-3c6246806082	96.807	2304	24	40	2360	1	2360	21070	13451	15798	0.0
pIZPvG3PDH-AcFDP1_PvGapdh+AcGFP1	bcf9bf08-a480-447b-b136-7cbc756ed2b8	96.761	2300	27	46	2360	1	2360	22717	14963	17306	0.0
pIZPvG3PDH-AcFDP1_PvGapdh+AcGFP1	bcf9bf08-a480-447b-b136-7cbc756ed2b8	96.793	2294	24	39	2360	7	2360	22717	18322	20655	0.0
pIZPvG3PDH-AcFDP1_PvGapdh+AcGFP1	bcf9bf08-a480-447b-b136-7cbc756ed2b8	95.854	2289	33	48	2360	7	2360	22717	10970	13325	0.0
pIZPvG3PDH-AcFDP1_PvGapdh+AcGFP1	bcf9bf08-a480-447b-b136-7cbc756ed2b8	93.865	2249	52	71	2360	1	2360	22717	7616	9952	0.0
pIZPvG3PDH-AcFDP1_PvGapdh+AcGFP1	6537d7ab-d33f-41e0-80fd-fe9f93f95200	95.762	2282	27	46	2360	1	2360	25333	15556	13225	0.0
pIZPvG3PDH-AcFDP1_PvGapdh+AcGFP1	a5bc75f0-7e19-4b0e-82f9-f5a7624a6bfd	96.721	2301	21	43	2360	1	2360	43961	30863	33203	0.0
pIZPvG3PDH-AcFDP1_PvGapdh+AcGFP1	a5bc75f0-7e19-4b0e-82f9-f5a7624a6bfd	94.165	2243	48	57	2360	1	2360	43961	11587	9275	0.0
pIZPvG3PDH-AcFDP1_PvGapdh+AcGFP1	a5bc75f0-7e19-4b0e-82f9-f5a7624a6bfd	93.473	2234	60	64	2360	7	2360	43961	8276	5947	0.0
pIZPvG3PDH-AcFDP1_PvGapdh+AcGFP1	a5bc75f0-7e19-4b0e-82f9-f5a7624a6bfd	92.727	2231	68	82	2360	1	2360	43961	21573	23917	0.0
pIZPvG3PDH-AcFDP1_PvGapdh+AcGFP1	a5bc75f0-7e19-4b0e-82f9-f5a7624a6bfd	91.162	2197	95	88	2360	1	2360	43961	43161	40820	0.0
pIZPvG3PDH-AcFDP1_PvGapdh+AcGFP1	da50cd4a-989e-4d8b-867f-704b32119511	96.750	2292	26	37	2360	7	2360	73926	9836	7504	0.0
pIZPvG3PDH-AcFDP1_PvGapdh+AcGFP1	da50cd4a-989e-4d8b-867f-704b32119511	96.427	2294	33	37	2360	1	2360	73926	13192	10847	0.0
pIZPvG3PDH-AcFDP1_PvGapdh+AcGFP1	da50cd4a-989e-4d8b-867f-704b32119511	96.130	2285	24	46	2360	1	2360	73926	56319	53994	0.0
pIZPvG3PDH-AcFDP1_PvGapdh+AcGFP1	da50cd4a-989e-4d8b-867f-704b32119511	95.837	2279	32	46	2360	7	2360	73926	6488	4154	0.0
pIZPvG3PDH-AcFDP1_PvGapdh+AcGFP1	da50cd4a-989e-4d8b-867f-704b32119511	94.172	2246	56	63	2360	7	2360	73926	52977	50645	0.0
pIZPvG3PDH-AcFDP1_PvGapdh+AcGFP1	c066cbb3-de9a-4fed-b197-42ea37e6cd9f	93.711	2250	49	77	2360	1	2360	39297	27518	25179	0.0
pIZPvG3PDH-AcFDP1_PvGapdh+AcGFP1	0fd0479c-d806-483d-836b-715a6f0ca40e	96.481	2303	28	40	2360	1	2360	21664	2092	4449	0.0
pIZPvG3PDH-AcFDP1_PvGapdh+AcGFP1	0fd0479c-d806-483d-836b-715a6f0ca40e	94.309	2237	61	53	2360	1	2360	21664	20147	17838	0.0
pIZPvG3PDH-AcFDP1_PvGapdh+AcGFP1	4820bb43-4af0-435b-8ac8-74ccdecd8de2	96.668	2292	23	39	2360	7	2360	63391	8498	6167	0.0
pIZPvG3PDH-AcFDP1_PvGapdh+AcGFP1	4820bb43-4af0-435b-8ac8-74ccdecd8de2	96.385	2293	20	39	2360	1	2360	63391	15202	12871	0.0
pIZPvG3PDH-AcFDP1_PvGapdh+AcGFP1	4820bb43-4af0-435b-8ac8-74ccdecd8de2	95.636	2279	39	47	2360	7	2360	63391	11860	9514	0.0
pIZPvG3PDH-AcFDP1_PvGapdh+AcGFP1	4820bb43-4af0-435b-8ac8-74ccdecd8de2	95.499	2270	36	54	2360	1	2360	63391	48235	50557	0.0
pIZPvG3PDH-AcFDP1_PvGapdh+AcGFP1	8119f4fb-ddef-4629-b40b-bde21bc6248d	96.462	2290	33	39	2360	1	2360	50341	16776	19112	0.0
pIZPvG3PDH-AcFDP1_PvGapdh+AcGFP1	8119f4fb-ddef-4629-b40b-bde21bc6248d	95.739	2292	32	46	2360	1	2360	50341	29024	26667	0.0
pIZPvG3PDH-AcFDP1_PvGapdh+AcGFP1	8119f4fb-ddef-4629-b40b-bde21bc6248d	86.280	2069	116	123	2360	13	2360	50341	10805	13039	0.0
pIZPvG3PDH-AcFDP1_PvGapdh+AcGFP1	692611a3-89e1-4b9d-90cb-0b739d6797a8	96.348	2295	36	41	2360	1	2360	87841	73135	75487	0.0
pIZPvG3PDH-AcFDP1_PvGapdh+AcGFP1	692611a3-89e1-4b9d-90cb-0b739d6797a8	95.692	2288	28	52	2360	7	2360	87841	79842	82194	0.0
pIZPvG3PDH-AcFDP1_PvGapdh+AcGFP1	692611a3-89e1-4b9d-90cb-0b739d6797a8	94.329	2262	39	61	2360	2	2360	87841	24205	26544	0.0
pIZPvG3PDH-AcFDP1_PvGapdh+AcGFP1	15c093cd-2172-43c2-83d5-ed6ece824af4	96.426	2293	17	45	2360	1	2360	22118	8202	5875	0.0
pIZPvG3PDH-AcFDP1_PvGapdh+AcGFP1	03818b2d-c83d-43d2-939f-8588ec801f03	96.309	2296	20	46	2360	1	2360	10412	3332	5671	0.0
pIZPvG3PDH-AcFDP1_PvGapdh+AcGFP1	4ea3ea0d-d765-4946-b89e-2587a868763f	95.749	2275	35	46	2360	7	2360	23439	9533	7202	0.0
pIZPvG3PDH-AcFDP1_PvGapdh+AcGFP1	4ea3ea0d-d765-4946-b89e-2587a868763f	87.386	2113	122	129	2360	1	2360	23439	22741	20449	0.0
pIZPvG3PDH-AcFDP1_PvGapdh+AcGFP1	be675bf2-2cd1-4024-976b-fde20709f652	96.412	2284	26	32	2360	11	2360	68115	59932	62260	0.0
pIZPvG3PDH-AcFDP1_PvGapdh+AcGFP1	be675bf2-2cd1-4024-976b-fde20709f652	95.462	2272	30	53	2360	5	2360	68115	53267	55592	0.0
pIZPvG3PDH-AcFDP1_PvGapdh+AcGFP1	be675bf2-2cd1-4024-976b-fde20709f652	93.965	2242	54	65	2360	7	2360	68115	56601	58928	0.0
pIZPvG3PDH-AcFDP1_PvGapdh+AcGFP1	be675bf2-2cd1-4024-976b-fde20709f652	93.808	2242	49	69	2360	1	2360	68115	10128	12448	0.0
pIZPvG3PDH-AcFDP1_PvGapdh+AcGFP1	be675bf2-2cd1-4024-976b-fde20709f652	91.583	2187	89	87	2360	7	2360	68115	13464	15773	0.0
pIZPvG3PDH-AcFDP1_PvGapdh+AcGFP1	c416e302-ed96-438e-b5c0-d510c716e55a	96.637	2270	23	39	2360	32	2360	14240	9360	11672	0.0
pIZPvG3PDH-AcFDP1_PvGapdh+AcGFP1	9eeadd8d-0249-4607-9940-0f2f6262a27b	95.877	2279	35	44	2360	7	2360	28317	5326	2990	0.0
pIZPvG3PDH-AcFDP1_PvGapdh+AcGFP1	9eeadd8d-0249-4607-9940-0f2f6262a27b	95.573	2267	31	54	2360	7	2360	28317	8651	6336	0.0
pIZPvG3PDH-AcFDP1_PvGapdh+AcGFP1	e0ef486c-9739-47a7-856b-155cde50e66a	96.222	2292	21	46	2360	1	2360	22599	20232	17898	0.0
pIZPvG3PDH-AcFDP1_PvGapdh+AcGFP1	e0ef486c-9739-47a7-856b-155cde50e66a	95.096	2269	33	54	2360	1	2360	22599	5163	2836	0.0
pIZPvG3PDH-AcFDP1_PvGapdh+AcGFP1	2737f491-9563-4e75-b667-9769c8a4d54e	96.018	2291	35	42	2360	7	2360	15911	4118	6475	0.0
pIZPvG3PDH-AcFDP1_PvGapdh+AcGFP1	2737f491-9563-4e75-b667-9769c8a4d54e	95.746	2273	40	50	2360	7	2360	15911	7472	9804	0.0
pIZPvG3PDH-AcFDP1_PvGapdh+AcGFP1	2737f491-9563-4e75-b667-9769c8a4d54e	95.264	2273	37	52	2360	1	2360	15911	764	3099	0.0
pIZPvG3PDH-AcFDP1_PvGapdh+AcGFP1	70fa22ea-677b-43b5-9e70-22cd82e33d0d	96.018	2291	33	47	2360	1	2360	65100	14906	12557	0.0
pIZPvG3PDH-AcFDP1_PvGapdh+AcGFP1	70fa22ea-677b-43b5-9e70-22cd82e33d0d	94.224	2251	40	65	2360	7	2360	65100	11552	9227	0.0
pIZPvG3PDH-AcFDP1_PvGapdh+AcGFP1	1848c259-b443-42a1-8c8d-fd0f251b42d4	96.018	2291	32	43	2360	1	2360	77933	68497	70845	0.0
pIZPvG3PDH-AcFDP1_PvGapdh+AcGFP1	1848c259-b443-42a1-8c8d-fd0f251b42d4	95.220	2271	34	53	2360	1	2360	77933	21421	23750	0.0
pIZPvG3PDH-AcFDP1_PvGapdh+AcGFP1	1848c259-b443-42a1-8c8d-fd0f251b42d4	94.956	2278	29	65	2360	1	2360	77933	11928	9583	0.0
pIZPvG3PDH-AcFDP1_PvGapdh+AcGFP1	1848c259-b443-42a1-8c8d-fd0f251b42d4	94.103	2234	42	61	2360	7	2360	77933	47922	45627	0.0
pIZPvG3PDH-AcFDP1_PvGapdh+AcGFP1	1848c259-b443-42a1-8c8d-fd0f251b42d4	93.163	2221	83	64	2360	1	2360	77933	51241	48914	0.0
pIZPvG3PDH-AcFDP1_PvGapdh+AcGFP1	5331fea0-0eed-48df-8087-55ac71d20e1e	95.945	2295	28	47	2360	1	2360	8955	3315	5669	0.0
pIZPvG3PDH-AcFDP1_PvGapdh+AcGFP1	48e76ccc-6938-41e4-af21-20d1af7e708f	95.840	2281	30	41	2360	7	2360	35544	11991	9655	0.0
pIZPvG3PDH-AcFDP1_PvGapdh+AcGFP1	011f345c-cd9f-42af-8e5f-5ec4b95b90a5	95.833	2300	25	53	2360	1	2360	40918	22573	24937	0.0
pIZPvG3PDH-AcFDP1_PvGapdh+AcGFP1	011f345c-cd9f-42af-8e5f-5ec4b95b90a5	95.607	2285	34	43	2360	7	2360	40918	25960	28314	0.0
pIZPvG3PDH-AcFDP1_PvGapdh+AcGFP1	b56cb63d-2326-4658-b322-73ce9129989c	95.900	2292	30	46	2360	1	2360	57427	1915	4266	0.0
pIZPvG3PDH-AcFDP1_PvGapdh+AcGFP1	b56cb63d-2326-4658-b322-73ce9129989c	95.670	2276	36	52	2360	1	2360	57427	20258	17928	0.0
pIZPvG3PDH-AcFDP1_PvGapdh+AcGFP1	b56cb63d-2326-4658-b322-73ce9129989c	95.712	2277	29	55	2360	1	2360	57427	52864	55188	0.0
pIZPvG3PDH-AcFDP1_PvGapdh+AcGFP1	b56cb63d-2326-4658-b322-73ce9129989c	95.586	2274	31	50	2360	1	2360	57427	14211	11888	0.0
pIZPvG3PDH-AcFDP1_PvGapdh+AcGFP1	b964bb1a-4809-46b8-906a-7035bcc8fe87	96.088	2284	22	53	2360	7	2360	40690	3154	5482	0.0
pIZPvG3PDH-AcFDP1_PvGapdh+AcGFP1	7a23da46-ed8a-4d47-8f1f-5c30983a310f	95.926	2284	33	43	2360	4	2360	31087	12533	14873	0.0
pIZPvG3PDH-AcFDP1_PvGapdh+AcGFP1	7a23da46-ed8a-4d47-8f1f-5c30983a310f	95.405	2263	49	43	2360	1	2360	31087	9194	11517	0.0
pIZPvG3PDH-AcFDP1_PvGapdh+AcGFP1	6800e27d-8ee1-4176-a367-962c5ef37e8b	95.785	2295	27	53	2360	1	2360	13003	4890	7247	0.0
pIZPvG3PDH-AcFDP1_PvGapdh+AcGFP1	7ea4894f-2a05-4783-9bf6-d8dbe390b2f5	95.758	2280	37	48	2360	8	2360	45772	31281	33625	0.0
pIZPvG3PDH-AcFDP1_PvGapdh+AcGFP1	7ea4894f-2a05-4783-9bf6-d8dbe390b2f5	95.388	2275	39	54	2360	1	2360	45772	27928	30266	0.0
pIZPvG3PDH-AcFDP1_PvGapdh+AcGFP1	ebc994cc-50d6-4d20-806c-e93cb9600be8	95.565	2284	29	56	2360	1	2360	48069	33005	35347	0.0
pIZPvG3PDH-AcFDP1_PvGapdh+AcGFP1	ebc994cc-50d6-4d20-806c-e93cb9600be8	95.396	2279	24	58	2360	7	2360	48069	39647	41984	0.0
pIZPvG3PDH-AcFDP1_PvGapdh+AcGFP1	ebc994cc-50d6-4d20-806c-e93cb9600be8	93.797	2238	34	80	2360	7	2360	48069	36345	38648	0.0
pIZPvG3PDH-AcFDP1_PvGapdh+AcGFP1	e80e5585-180b-4185-8f0c-9c7db1385d34	95.512	2277	31	51	2360	7	2360	7698	667	3004	0.0
pIZPvG3PDH-AcFDP1_PvGapdh+AcGFP1	89e3e169-6468-4ce2-bdd5-e6cc60b9084a	95.411	2266	39	49	2360	1	2360	40549	11481	9162	0.0
pIZPvG3PDH-AcFDP1_PvGapdh+AcGFP1	b73482bb-b0ba-4000-ad11-bd12e1321f2f	94.810	2265	48	57	2360	1	2360	48084	33290	35631	0.0
pIZPvG3PDH-AcFDP1_PvGapdh+AcGFP1	b73482bb-b0ba-4000-ad11-bd12e1321f2f	93.836	2238	55	64	2360	7	2360	48084	36644	38967	0.0
pIZPvG3PDH-AcFDP1_PvGapdh+AcGFP1	05123ea9-42d2-4823-a01f-cf9ac3f84414	95.226	2274	36	48	2360	7	2360	39523	30927	28584	0.0
pIZPvG3PDH-AcFDP1_PvGapdh+AcGFP1	05123ea9-42d2-4823-a01f-cf9ac3f84414	94.400	2259	62	58	2360	1	2360	39523	4529	6882	0.0
pIZPvG3PDH-AcFDP1_PvGapdh+AcGFP1	05123ea9-42d2-4823-a01f-cf9ac3f84414	93.972	2245	55	64	2360	7	2360	39523	23643	21309	0.0
pIZPvG3PDH-AcFDP1_PvGapdh+AcGFP1	17f65784-12c5-41cd-b25d-84648d4f57e9	95.021	2271	40	58	2360	1	2360	12443	2954	5294	0.0
pIZPvG3PDH-AcFDP1_PvGapdh+AcGFP1	6ddf28aa-da6c-4943-81cd-923731c11a38	90.054	2164	96	107	2360	7	2360	36935	9407	7099	0.0
pIZPvG3PDH-AcFDP1_PvGapdh+AcGFP1	351d1c7f-bcb2-477a-8d61-ee2131000b01	95.015	2268	38	54	2360	7	2360	3076	2928	590	0.0
pIZPvG3PDH-AcFDP1_PvGapdh+AcGFP1	9222f67e-b4d8-480c-908a-16b79deda5e9	94.889	2265	46	56	2360	1	2360	38829	30130	32467	0.0
pIZPvG3PDH-AcFDP1_PvGapdh+AcGFP1	9222f67e-b4d8-480c-908a-16b79deda5e9	93.216	2226	57	76	2360	1	2360	38829	9199	11509	0.0
pIZPvG3PDH-AcFDP1_PvGapdh+AcGFP1	80c57deb-26a3-449d-b7f9-2ab5649b22b3	94.666	2254	56	59	2360	7	2360	54784	2968	5304	0.0
pIZPvG3PDH-AcFDP1_PvGapdh+AcGFP1	80c57deb-26a3-449d-b7f9-2ab5649b22b3	93.690	2227	52	65	2360	7	2360	54784	51872	49571	0.0
pIZPvG3PDH-AcFDP1_PvGapdh+AcGFP1	6c7a7b70-4be9-4e7f-8dbb-d9d78d636e29	94.577	2267	43	54	2360	7	2360	25730	11547	9195	0.0
pIZPvG3PDH-AcFDP1_PvGapdh+AcGFP1	6c7a7b70-4be9-4e7f-8dbb-d9d78d636e29	92.512	2224	58	77	2360	1	2360	25730	14881	12556	0.0
pIZPvG3PDH-AcFDP1_PvGapdh+AcGFP1	b8fcbd39-bc38-4f2c-a334-c511b009f445	94.590	2273	27	53	2360	1	2360	20664	7572	9914	0.0
pIZPvG3PDH-AcFDP1_PvGapdh+AcGFP1	b8fcbd39-bc38-4f2c-a334-c511b009f445	93.947	2204	58	56	2360	49	2360	20664	2449	4744	0.0
pIZPvG3PDH-AcFDP1_PvGapdh+AcGFP1	b8fcbd39-bc38-4f2c-a334-c511b009f445	91.299	2214	66	87	2360	1	2360	20664	13673	16017	0.0
pIZPvG3PDH-AcFDP1_PvGapdh+AcGFP1	44fd9851-e353-4a19-9f55-fd30dcb819c6	94.299	2266	46	62	2360	7	2360	46799	28788	31148	0.0
pIZPvG3PDH-AcFDP1_PvGapdh+AcGFP1	1f3d2493-2d5b-4ceb-a3a1-0c9f74674d8e	91.369	2202	89	82	2360	1	2360	49914	15283	12943	0.0
pIZPvG3PDH-AcFDP1_PvGapdh+AcGFP1	771255f5-9029-4ddf-b1be-3814369336cb	94.042	2257	50	66	2360	1	2360	71997	63129	60783	0.0
pIZPvG3PDH-AcFDP1_PvGapdh+AcGFP1	771255f5-9029-4ddf-b1be-3814369336cb	93.470	2233	58	69	2360	1	2360	71997	20809	23128	0.0
pIZPvG3PDH-AcFDP1_PvGapdh+AcGFP1	771255f5-9029-4ddf-b1be-3814369336cb	91.973	2200	88	83	2360	1	2360	71997	53895	51576	0.0
pIZPvG3PDH-AcFDP1_PvGapdh+AcGFP1	771255f5-9029-4ddf-b1be-3814369336cb	89.609	2156	113	109	2360	9	2360	71997	42027	44349	0.0
pIZPvG3PDH-AcFDP1_PvGapdh+AcGFP1	05e6af22-7c7b-4f59-bb8d-9bee1ae9fd20	93.584	2261	37	81	2360	7	2360	28951	19583	17224	0.0
pIZPvG3PDH-AcFDP1_PvGapdh+AcGFP1	f2558649-e0e9-464b-a1a2-12f290c8741f	93.811	2228	58	59	2360	7	2360	10955	2471	4777	0.0
pIZPvG3PDH-AcFDP1_PvGapdh+AcGFP1	bfb55b2f-3e2e-43e2-9931-40fc4c0bf040	93.481	2237	61	67	2360	2	2360	28909	6050	8381	0.0
pIZPvG3PDH-AcFDP1_PvGapdh+AcGFP1	bfb55b2f-3e2e-43e2-9931-40fc4c0bf040	93.378	2228	53	70	2360	7	2360	28909	9387	11699	0.0
pIZPvG3PDH-AcFDP1_PvGapdh+AcGFP1	bfb55b2f-3e2e-43e2-9931-40fc4c0bf040	92.591	2212	55	84	2360	1	2360	28909	28228	25933	0.0
pIZPvG3PDH-AcFDP1_PvGapdh+AcGFP1	bfb55b2f-3e2e-43e2-9931-40fc4c0bf040	92.098	2191	73	80	2360	7	2360	28909	2129	4417	0.0
pIZPvG3PDH-AcFDP1_PvGapdh+AcGFP1	35f98073-f4b2-4cfa-891a-1254f738e38f	93.737	2230	39	74	2360	7	2360	56525	54914	52621	0.0
pIZPvG3PDH-AcFDP1_PvGapdh+AcGFP1	35f98073-f4b2-4cfa-891a-1254f738e38f	92.192	2208	85	68	2360	7	2360	56525	11626	9293	0.0
pIZPvG3PDH-AcFDP1_PvGapdh+AcGFP1	35f98073-f4b2-4cfa-891a-1254f738e38f	88.181	2119	104	118	2360	7	2360	56525	8279	6008	0.0
pIZPvG3PDH-AcFDP1_PvGapdh+AcGFP1	fae31983-e85b-404e-86d7-61c4ad3a089a	92.854	2222	75	74	2360	1	2360	62611	33090	30761	0.0
pIZPvG3PDH-AcFDP1_PvGapdh+AcGFP1	fae31983-e85b-404e-86d7-61c4ad3a089a	89.862	2154	104	97	2360	7	2360	62611	29743	27443	0.0
pIZPvG3PDH-AcFDP1_PvGapdh+AcGFP1	52355bac-6340-46a7-a881-6ebfe3ad31b7	92.431	2247	50	94	2360	1	2360	13908	3297	5664	0.0
pIZPvG3PDH-AcFDP1_PvGapdh+AcGFP1	1f34e8db-d611-4414-9b6f-8d48c307a268	92.397	2224	73	81	2360	1	2360	50865	244	2587	0.0
pIZPvG3PDH-AcFDP1_PvGapdh+AcGFP1	1f34e8db-d611-4414-9b6f-8d48c307a268	91.315	2208	82	92	2360	1	2360	50865	31846	34193	0.0
pIZPvG3PDH-AcFDP1_PvGapdh+AcGFP1	1f34e8db-d611-4414-9b6f-8d48c307a268	90.502	2182	102	91	2360	1	2360	50865	12521	10187	0.0
pIZPvG3PDH-AcFDP1_PvGapdh+AcGFP1	1f34e8db-d611-4414-9b6f-8d48c307a268	89.506	2175	100	116	2360	1	2360	50865	39096	41440	0.0
pIZPvG3PDH-AcFDP1_PvGapdh+AcGFP1	c64c4f23-8e33-44cd-ace4-750c031a9d04	92.452	2217	78	76	2360	3	2360	8190	2340	4674	0.0
pIZPvG3PDH-AcFDP1_PvGapdh+AcGFP1	9d5744c0-b2e3-4e9a-8945-937b23a181cd	92.272	2209	80	75	2360	1	2360	40055	30220	32542	0.0
pIZPvG3PDH-AcFDP1_PvGapdh+AcGFP1	9d5744c0-b2e3-4e9a-8945-937b23a181cd	91.947	2215	81	87	2360	8	2360	40055	36889	39240	0.0
pIZPvG3PDH-AcFDP1_PvGapdh+AcGFP1	9d5744c0-b2e3-4e9a-8945-937b23a181cd	90.375	2169	102	103	2360	7	2360	40055	33559	35875	0.0
pIZPvG3PDH-AcFDP1_PvGapdh+AcGFP1	e39336be-026b-4843-a90e-4eb1220d9d20	92.735	2170	73	70	2360	55	2360	62342	19062	21338	0.0
pIZPvG3PDH-AcFDP1_PvGapdh+AcGFP1	fc6c8ca0-f5bd-40f7-b3f6-18eed1f347ab	92.212	2214	54	82	2360	1	2360	18647	3416	1108	0.0
pIZPvG3PDH-AcFDP1_PvGapdh+AcGFP1	fffa3417-c7b9-4f29-8aae-94908e850f86	89.892	2170	109	102	2360	1	2360	26661	16379	14047	0.0
pIZPvG3PDH-AcFDP1_PvGapdh+AcGFP1	fffa3417-c7b9-4f29-8aae-94908e850f86	89.219	2160	105	112	2360	7	2360	26661	13036	10705	0.0
pIZPvG3PDH-AcFDP1_PvGapdh+AcGFP1	5d3962e8-ee6c-4264-b0e3-5e6b2922f8f7	80.637	1974	224	194	2360	1	2360	57197	20424	22709	0.0
pIZPvG3PDH-AcFDP1_PvGapdh+AcGFP1	85a4b696-cccb-4d46-8a49-942153f164a7	89.201	2156	116	100	2360	1	2360	21092	15730	13402	0.0
pIZPvG3PDH-AcFDP1_PvGapdh+AcGFP1	85a4b696-cccb-4d46-8a49-942153f164a7	87.474	2123	130	118	2360	1	2360	21092	9718	7399	0.0
pIZPvG3PDH-AcFDP1_PvGapdh+AcGFP1	24f4ec95-85a7-4741-b561-45342338e1b0	88.178	2163	91	127	2360	5	2360	29426	11705	14055	0.0
pIZPvG3PDH-AcFDP1_PvGapdh+AcGFP1	24f4ec95-85a7-4741-b561-45342338e1b0	87.425	2176	80	124	2360	1	2360	29426	15947	18331	0.0
pIZPvG3PDH-AcFDP1_PvGapdh+AcGFP1	a767394f-cf93-4332-b26b-fd6ca8a11708	84.370	2089	145	162	2360	7	2360	13788	8984	11339	0.0
pIZPvG3PDH-AcFDP1_PvGapdh+AcGFP1	c722696e-8f29-4051-964f-384277254b35	81.297	2043	174	209	2360	1	2360	72604	7241	9610	0.0
pIZPvG3PDH-AcFDP1_PvGapdh+AcGFP1	c722696e-8f29-4051-964f-384277254b35	80.890	1981	211	180	2360	1	2360	72604	36270	33990	0.0
pIZPvG3PDH-AcFDP1_PvGapdh+AcGFP1	c722696e-8f29-4051-964f-384277254b35	80.274	1933	202	194	2360	36	2360	72604	32198	29981	0.0
