pUC_ori	176c66c4-dc11-40b8-87d5-db55b6da9cf7	99.032	614	3	3	620	1	620	52334	30960	31576	0.0
pUC_ori	176c66c4-dc11-40b8-87d5-db55b6da9cf7	96.795	604	4	12	620	1	620	52334	45752	45141	0.0
pUC_ori	176c66c4-dc11-40b8-87d5-db55b6da9cf7	96.774	600	7	7	620	4	620	52334	8967	8358	0.0
pUC_ori	176c66c4-dc11-40b8-87d5-db55b6da9cf7	96.474	602	6	12	620	1	620	52334	21477	22088	0.0
pUC_ori	176c66c4-dc11-40b8-87d5-db55b6da9cf7	96.326	603	7	9	620	1	620	52334	18400	17785	0.0
pUC_ori	176c66c4-dc11-40b8-87d5-db55b6da9cf7	97.449	573	3	8	620	39	620	52334	28019	27438	0.0
pUC_ori	176c66c4-dc11-40b8-87d5-db55b6da9cf7	95.673	597	6	15	620	1	620	52334	1083	1689	0.0
pUC_ori	176c66c4-dc11-40b8-87d5-db55b6da9cf7	93.291	584	17	17	620	1	620	52334	22667	23273	0.0
pUC_ori	176c66c4-dc11-40b8-87d5-db55b6da9cf7	92.800	580	19	18	620	1	620	52334	12311	11708	0.0
pUC_ori	176c66c4-dc11-40b8-87d5-db55b6da9cf7	95.884	396	7	7	620	214	620	52334	52334	51926	0.0
pUC_ori	176c66c4-dc11-40b8-87d5-db55b6da9cf7	84.646	430	22	43	620	120	620	52334	5607	5149	2.26e-125
pUC_ori	176c66c4-dc11-40b8-87d5-db55b6da9cf7	96.429	162	0	6	620	1	168	52334	37374	37535	2.44e-70
pUC_ori	91a8424f-4dab-4f5e-b2a4-674eb69351cc	98.873	614	3	4	620	1	620	27986	7313	7930	0.0
pUC_ori	91a8424f-4dab-4f5e-b2a4-674eb69351cc	98.243	615	2	7	620	1	620	27986	22639	23261	0.0
pUC_ori	91a8424f-4dab-4f5e-b2a4-674eb69351cc	97.271	606	3	10	620	1	620	27986	1217	1828	0.0
pUC_ori	91a8424f-4dab-4f5e-b2a4-674eb69351cc	91.784	391	21	11	620	202	620	27986	11325	10907	3.57e-163
pUC_ori	5f9b63a0-b29c-46fe-9849-e321d27c2499	98.871	613	3	4	620	1	620	75108	69364	69979	0.0
pUC_ori	5f9b63a0-b29c-46fe-9849-e321d27c2499	97.600	610	3	10	620	1	620	75108	47320	47937	0.0
pUC_ori	5f9b63a0-b29c-46fe-9849-e321d27c2499	96.945	603	3	11	620	1	620	75108	52657	52050	0.0
pUC_ori	5f9b63a0-b29c-46fe-9849-e321d27c2499	96.759	597	4	12	620	1	615	75108	66000	66602	0.0
pUC_ori	5f9b63a0-b29c-46fe-9849-e321d27c2499	96.038	606	6	14	620	1	620	75108	6982	6360	0.0
pUC_ori	5f9b63a0-b29c-46fe-9849-e321d27c2499	96.006	601	8	12	620	1	620	75108	2431	1817	0.0
pUC_ori	5f9b63a0-b29c-46fe-9849-e321d27c2499	96.154	600	2	15	620	1	620	75108	29794	30399	0.0
pUC_ori	5f9b63a0-b29c-46fe-9849-e321d27c2499	96.000	600	8	12	620	1	620	75108	53840	53228	0.0
pUC_ori	5f9b63a0-b29c-46fe-9849-e321d27c2499	95.360	596	6	13	620	1	620	75108	22948	23554	0.0
pUC_ori	5f9b63a0-b29c-46fe-9849-e321d27c2499	94.864	591	8	20	620	3	620	75108	62669	63272	0.0
pUC_ori	5f9b63a0-b29c-46fe-9849-e321d27c2499	94.118	592	14	18	620	1	620	75108	19589	20203	0.0
pUC_ori	5f9b63a0-b29c-46fe-9849-e321d27c2499	93.740	584	13	18	620	1	620	75108	44420	43821	0.0
pUC_ori	5f9b63a0-b29c-46fe-9849-e321d27c2499	92.868	586	9	22	620	1	620	75108	12031	11426	0.0
pUC_ori	5f9b63a0-b29c-46fe-9849-e321d27c2499	90.938	572	13	31	620	1	620	75108	74095	73502	0.0
pUC_ori	5f9b63a0-b29c-46fe-9849-e321d27c2499	79.167	418	46	45	620	103	620	75108	56770	57243	6.69e-81
pUC_ori	5f9b63a0-b29c-46fe-9849-e321d27c2499	94.643	159	3	3	620	1	168	75108	38157	37996	2.46e-65
pUC_ori	f221497a-f337-4102-beeb-77a1297f4405	98.551	612	2	5	620	1	620	58952	13460	14074	0.0
pUC_ori	f221497a-f337-4102-beeb-77a1297f4405	97.596	609	3	8	620	1	620	58952	25918	26533	0.0
pUC_ori	f221497a-f337-4102-beeb-77a1297f4405	96.469	601	11	10	620	1	620	58952	40694	40080	0.0
pUC_ori	f221497a-f337-4102-beeb-77a1297f4405	96.326	603	7	13	620	1	620	58952	19090	19705	0.0
pUC_ori	f221497a-f337-4102-beeb-77a1297f4405	96.148	599	11	7	620	1	620	58952	10116	10728	0.0
pUC_ori	f221497a-f337-4102-beeb-77a1297f4405	95.880	605	8	15	620	1	620	58952	48954	48331	0.0
pUC_ori	f221497a-f337-4102-beeb-77a1297f4405	95.833	598	12	11	620	1	620	58952	2534	1921	0.0
pUC_ori	f221497a-f337-4102-beeb-77a1297f4405	95.673	597	6	11	620	1	620	58952	43579	44185	0.0
pUC_ori	f221497a-f337-4102-beeb-77a1297f4405	95.016	591	11	16	620	1	620	58952	53193	53796	0.0
pUC_ori	f221497a-f337-4102-beeb-77a1297f4405	95.630	569	11	10	620	30	620	58952	50115	49532	0.0
pUC_ori	f221497a-f337-4102-beeb-77a1297f4405	97.633	165	1	2	620	1	168	58952	34344	34178	8.71e-75
pUC_ori	6537d7ab-d33f-41e0-80fd-fe9f93f95200	98.693	604	2	5	620	1	611	25333	22867	23473	0.0
pUC_ori	6537d7ab-d33f-41e0-80fd-fe9f93f95200	97.767	613	1	10	620	1	620	25333	18959	18339	0.0
pUC_ori	6537d7ab-d33f-41e0-80fd-fe9f93f95200	97.436	608	3	12	620	1	620	25333	1528	2142	0.0
pUC_ori	6537d7ab-d33f-41e0-80fd-fe9f93f95200	95.974	596	4	15	620	6	620	25333	9612	9007	0.0
pUC_ori	6537d7ab-d33f-41e0-80fd-fe9f93f95200	95.548	601	4	14	620	1	620	25333	6282	5669	0.0
pUC_ori	6537d7ab-d33f-41e0-80fd-fe9f93f95200	92.846	584	20	15	620	1	620	25333	12877	12265	0.0
pUC_ori	6537d7ab-d33f-41e0-80fd-fe9f93f95200	81.553	252	20	25	620	308	611	25333	22025	22301	8.96e-55
pUC_ori	858037d6-22b0-44d9-9d60-085ad46e78a4	98.077	612	5	5	620	1	620	22541	16755	17375	0.0
pUC_ori	858037d6-22b0-44d9-9d60-085ad46e78a4	97.600	610	6	8	620	1	620	22541	10055	10675	0.0
pUC_ori	858037d6-22b0-44d9-9d60-085ad46e78a4	95.813	595	9	12	620	1	620	22541	13403	14007	0.0
pUC_ori	858037d6-22b0-44d9-9d60-085ad46e78a4	92.118	561	17	19	620	25	620	22541	21462	20872	0.0
pUC_ori	858037d6-22b0-44d9-9d60-085ad46e78a4	82.500	528	41	47	620	1	620	22541	1076	488	1.33e-137
pUC_ori	858037d6-22b0-44d9-9d60-085ad46e78a4	83.142	434	31	31	620	104	611	22541	4135	4613	6.36e-116
pUC_ori	fb84ca4a-1363-469b-b4eb-d8976a4ac258	98.226	609	5	5	620	1	620	79029	71314	71927	0.0
pUC_ori	fb84ca4a-1363-469b-b4eb-d8976a4ac258	97.604	611	1	10	620	1	620	79029	52913	52296	0.0
pUC_ori	fb84ca4a-1363-469b-b4eb-d8976a4ac258	96.141	598	10	12	620	1	620	79029	61179	60570	0.0
pUC_ori	fb84ca4a-1363-469b-b4eb-d8976a4ac258	95.840	599	14	8	620	1	620	79029	960	343	0.0
pUC_ori	fb84ca4a-1363-469b-b4eb-d8976a4ac258	95.548	601	9	15	620	1	620	79029	55801	56419	0.0
pUC_ori	fb84ca4a-1363-469b-b4eb-d8976a4ac258	95.087	600	12	12	620	1	620	79029	20585	19963	0.0
pUC_ori	fb84ca4a-1363-469b-b4eb-d8976a4ac258	95.338	593	10	11	620	1	620	79029	78008	78612	0.0
pUC_ori	fb84ca4a-1363-469b-b4eb-d8976a4ac258	95.177	592	12	12	620	1	620	79029	11033	10428	0.0
pUC_ori	fb84ca4a-1363-469b-b4eb-d8976a4ac258	94.099	590	10	19	620	1	620	79029	74662	75268	0.0
pUC_ori	fb84ca4a-1363-469b-b4eb-d8976a4ac258	93.790	589	11	21	620	5	620	79029	38281	38892	0.0
pUC_ori	fb84ca4a-1363-469b-b4eb-d8976a4ac258	93.207	590	14	19	620	2	620	79029	62384	61767	0.0
pUC_ori	fb84ca4a-1363-469b-b4eb-d8976a4ac258	93.258	581	15	16	620	1	620	79029	15547	14949	0.0
pUC_ori	fb84ca4a-1363-469b-b4eb-d8976a4ac258	91.520	572	24	23	620	1	620	79029	31443	32043	0.0
pUC_ori	fb84ca4a-1363-469b-b4eb-d8976a4ac258	87.005	549	39	33	620	1	620	79029	28150	28748	0.0
pUC_ori	fb84ca4a-1363-469b-b4eb-d8976a4ac258	81.962	518	39	44	620	1	609	79029	6027	6606	1.04e-128
pUC_ori	fb84ca4a-1363-469b-b4eb-d8976a4ac258	97.024	163	3	1	620	1	168	79029	46662	46497	4.05e-73
pUC_ori	4820bb43-4af0-435b-8ac8-74ccdecd8de2	98.077	612	4	8	620	1	620	63391	1126	1745	0.0
pUC_ori	4820bb43-4af0-435b-8ac8-74ccdecd8de2	97.746	607	4	10	620	1	620	63391	30855	31466	0.0
pUC_ori	4820bb43-4af0-435b-8ac8-74ccdecd8de2	96.984	611	3	10	620	1	620	63391	27957	27334	0.0
pUC_ori	4820bb43-4af0-435b-8ac8-74ccdecd8de2	97.078	598	3	13	620	1	611	63391	57535	58140	0.0
pUC_ori	4820bb43-4af0-435b-8ac8-74ccdecd8de2	95.847	600	10	12	620	1	620	63391	35624	36239	0.0
pUC_ori	4820bb43-4af0-435b-8ac8-74ccdecd8de2	94.754	596	9	15	620	1	620	63391	40962	40349	0.0
pUC_ori	4820bb43-4af0-435b-8ac8-74ccdecd8de2	94.745	595	12	17	620	3	620	63391	50909	51525	0.0
pUC_ori	4820bb43-4af0-435b-8ac8-74ccdecd8de2	94.560	591	18	11	620	1	620	63391	18585	17972	0.0
pUC_ori	4820bb43-4af0-435b-8ac8-74ccdecd8de2	94.543	589	18	13	620	1	620	63391	9162	8553	0.0
pUC_ori	4820bb43-4af0-435b-8ac8-74ccdecd8de2	95.798	570	8	9	620	30	620	63391	12495	11914	0.0
pUC_ori	4820bb43-4af0-435b-8ac8-74ccdecd8de2	94.400	590	8	19	620	1	620	63391	22602	23204	0.0
pUC_ori	4820bb43-4af0-435b-8ac8-74ccdecd8de2	93.450	585	23	11	620	1	620	63391	54243	54856	0.0
pUC_ori	4820bb43-4af0-435b-8ac8-74ccdecd8de2	93.750	585	10	17	620	1	620	63391	32752	32154	0.0
pUC_ori	4820bb43-4af0-435b-8ac8-74ccdecd8de2	93.218	591	14	18	620	1	620	63391	42161	41543	0.0
pUC_ori	4820bb43-4af0-435b-8ac8-74ccdecd8de2	93.419	582	19	18	620	1	620	63391	62258	61655	0.0
pUC_ori	4820bb43-4af0-435b-8ac8-74ccdecd8de2	91.506	571	11	22	620	1	620	63391	5821	5236	0.0
pUC_ori	4820bb43-4af0-435b-8ac8-74ccdecd8de2	80.128	500	38	48	620	1	604	63391	21465	22022	8.35e-105
pUC_ori	4820bb43-4af0-435b-8ac8-74ccdecd8de2	81.111	365	28	25	620	177	620	63391	45109	45507	6.69e-81
pUC_ori	48e76ccc-6938-41e4-af21-20d1af7e708f	98.065	608	7	4	620	1	620	35544	30985	31599	0.0
pUC_ori	48e76ccc-6938-41e4-af21-20d1af7e708f	97.115	606	7	9	620	1	620	35544	1532	2148	0.0
pUC_ori	48e76ccc-6938-41e4-af21-20d1af7e708f	95.853	601	8	13	620	1	620	35544	18717	18102	0.0
pUC_ori	48e76ccc-6938-41e4-af21-20d1af7e708f	95.556	602	10	14	620	1	620	35544	22701	23322	0.0
pUC_ori	48e76ccc-6938-41e4-af21-20d1af7e708f	93.681	593	15	13	620	4	620	35544	9316	8693	0.0
pUC_ori	48e76ccc-6938-41e4-af21-20d1af7e708f	93.810	591	9	16	620	1	620	35544	12656	12047	0.0
pUC_ori	48e76ccc-6938-41e4-af21-20d1af7e708f	92.138	586	13	22	620	1	620	35544	28078	27464	0.0
pUC_ori	7e5f0f2e-e8fe-458c-89a3-87b9ef67289c	98.068	609	5	6	620	1	620	24187	18564	19178	0.0
pUC_ori	7e5f0f2e-e8fe-458c-89a3-87b9ef67289c	96.795	604	8	10	620	1	620	24187	2711	2096	0.0
pUC_ori	7e5f0f2e-e8fe-458c-89a3-87b9ef67289c	96.774	600	6	10	620	1	617	24187	11842	12450	0.0
pUC_ori	7e5f0f2e-e8fe-458c-89a3-87b9ef67289c	96.779	601	5	10	620	1	620	24187	23307	22701	0.0
pUC_ori	7e5f0f2e-e8fe-458c-89a3-87b9ef67289c	94.577	593	11	17	620	1	620	24187	1510	900	0.0
pUC_ori	7e5f0f2e-e8fe-458c-89a3-87b9ef67289c	94.373	587	8	14	620	1	620	24187	5769	6365	0.0
pUC_ori	7e5f0f2e-e8fe-458c-89a3-87b9ef67289c	92.540	583	10	23	620	1	620	24187	15210	15812	0.0
pUC_ori	47e2ac17-b551-4e33-bd6c-aec6c1f1d6a3	97.913	610	6	5	620	1	620	77593	49266	49884	0.0
pUC_ori	47e2ac17-b551-4e33-bd6c-aec6c1f1d6a3	97.592	608	7	7	620	1	620	77593	19494	20111	0.0
pUC_ori	47e2ac17-b551-4e33-bd6c-aec6c1f1d6a3	97.604	611	1	13	620	1	620	77593	64977	65594	0.0
pUC_ori	47e2ac17-b551-4e33-bd6c-aec6c1f1d6a3	97.106	604	5	10	620	1	620	77593	68351	68961	0.0
pUC_ori	47e2ac17-b551-4e33-bd6c-aec6c1f1d6a3	96.810	607	1	11	620	1	620	77593	71695	72309	0.0
pUC_ori	47e2ac17-b551-4e33-bd6c-aec6c1f1d6a3	95.847	600	8	13	620	1	620	77593	16109	16722	0.0
pUC_ori	47e2ac17-b551-4e33-bd6c-aec6c1f1d6a3	95.694	600	11	11	620	1	620	77593	54646	54029	0.0
pUC_ori	47e2ac17-b551-4e33-bd6c-aec6c1f1d6a3	95.833	598	9	11	620	1	620	77593	25137	25747	0.0
pUC_ori	47e2ac17-b551-4e33-bd6c-aec6c1f1d6a3	95.820	596	10	10	620	1	620	77593	76442	75835	0.0
pUC_ori	47e2ac17-b551-4e33-bd6c-aec6c1f1d6a3	95.617	589	10	12	620	1	611	77593	31949	32552	0.0
pUC_ori	47e2ac17-b551-4e33-bd6c-aec6c1f1d6a3	95.169	591	13	13	620	4	620	77593	46383	45776	0.0
pUC_ori	47e2ac17-b551-4e33-bd6c-aec6c1f1d6a3	94.787	600	7	18	620	1	620	77593	55843	55224	0.0
pUC_ori	47e2ac17-b551-4e33-bd6c-aec6c1f1d6a3	94.089	589	10	14	620	1	620	77593	3578	2974	0.0
pUC_ori	47e2ac17-b551-4e33-bd6c-aec6c1f1d6a3	92.949	580	14	18	620	2	620	77593	8609	8011	0.0
pUC_ori	47e2ac17-b551-4e33-bd6c-aec6c1f1d6a3	91.493	570	20	23	620	1	611	77593	58884	59485	0.0
pUC_ori	47e2ac17-b551-4e33-bd6c-aec6c1f1d6a3	92.982	159	4	6	620	1	168	77593	40374	40209	1.91e-61
pUC_ori	3f45d9df-7978-490a-9618-46158c0fd1ec	97.913	610	4	7	620	1	620	30296	1790	2406	0.0
pUC_ori	3f45d9df-7978-490a-9618-46158c0fd1ec	97.596	609	4	8	620	1	620	30296	9859	10475	0.0
pUC_ori	3f45d9df-7978-490a-9618-46158c0fd1ec	97.444	610	4	6	620	1	620	30296	3405	4024	0.0
pUC_ori	3f45d9df-7978-490a-9618-46158c0fd1ec	97.432	607	7	7	620	1	620	30296	22973	22357	0.0
pUC_ori	3f45d9df-7978-490a-9618-46158c0fd1ec	97.115	606	5	9	620	1	620	30296	26354	25740	0.0
pUC_ori	3f45d9df-7978-490a-9618-46158c0fd1ec	96.975	609	2	12	620	1	620	30296	15581	14963	0.0
pUC_ori	3f45d9df-7978-490a-9618-46158c0fd1ec	95.208	596	9	18	620	1	620	30296	18966	18356	0.0
pUC_ori	da50cd4a-989e-4d8b-867f-704b32119511	97.913	610	3	8	620	1	620	73926	28900	29515	0.0
pUC_ori	da50cd4a-989e-4d8b-867f-704b32119511	96.474	602	5	11	620	1	620	73926	16561	15951	0.0
pUC_ori	da50cd4a-989e-4d8b-867f-704b32119511	96.332	604	4	14	620	1	620	73926	70647	71261	0.0
pUC_ori	da50cd4a-989e-4d8b-867f-704b32119511	94.409	591	14	17	620	1	620	73926	10500	9890	0.0
pUC_ori	da50cd4a-989e-4d8b-867f-704b32119511	93.770	587	11	21	620	1	620	73926	3808	3205	0.0
pUC_ori	da50cd4a-989e-4d8b-867f-704b32119511	93.730	583	18	14	620	1	620	73926	61113	61715	0.0
pUC_ori	da50cd4a-989e-4d8b-867f-704b32119511	93.631	588	12	19	620	1	620	73926	66113	66720	0.0
pUC_ori	da50cd4a-989e-4d8b-867f-704b32119511	93.429	583	20	14	620	1	620	73926	26031	25425	0.0
pUC_ori	da50cd4a-989e-4d8b-867f-704b32119511	93.740	569	21	14	620	17	620	73926	53625	53033	0.0
pUC_ori	da50cd4a-989e-4d8b-867f-704b32119511	92.718	573	18	17	620	1	611	73926	20723	21320	0.0
pUC_ori	da50cd4a-989e-4d8b-867f-704b32119511	92.308	576	14	21	620	1	620	73926	43493	42900	0.0
pUC_ori	da50cd4a-989e-4d8b-867f-704b32119511	91.574	576	25	19	620	1	620	73926	7151	6542	0.0
pUC_ori	da50cd4a-989e-4d8b-867f-704b32119511	87.739	551	40	28	620	1	620	73926	50293	49695	0.0
pUC_ori	da50cd4a-989e-4d8b-867f-704b32119511	82.616	518	48	42	620	1	610	73926	19546	20128	3.70e-138
pUC_ori	da50cd4a-989e-4d8b-867f-704b32119511	89.412	152	4	8	620	1	168	73926	35224	35381	3.25e-49
pUC_ori	1d70bbe9-8167-44eb-80b1-85a7a660b40b	97.910	609	4	7	620	1	620	10639	1064	1678	0.0
pUC_ori	1d70bbe9-8167-44eb-80b1-85a7a660b40b	96.950	604	5	9	620	1	620	10639	8868	8257	0.0
pUC_ori	9e63baac-2530-4a04-ba76-d6509c2fcef8	97.910	609	4	6	620	1	620	70896	33751	33137	0.0
pUC_ori	9e63baac-2530-4a04-ba76-d6509c2fcef8	97.753	609	5	8	620	1	620	70896	45238	45854	0.0
pUC_ori	9e63baac-2530-4a04-ba76-d6509c2fcef8	97.432	607	4	9	620	1	620	70896	5422	6035	0.0
pUC_ori	9e63baac-2530-4a04-ba76-d6509c2fcef8	97.724	601	6	6	620	1	611	70896	18367	17757	0.0
pUC_ori	9e63baac-2530-4a04-ba76-d6509c2fcef8	97.271	606	1	9	620	1	620	70896	49217	49826	0.0
pUC_ori	9e63baac-2530-4a04-ba76-d6509c2fcef8	96.635	603	9	10	620	1	620	70896	52562	53177	0.0
pUC_ori	9e63baac-2530-4a04-ba76-d6509c2fcef8	96.452	598	6	8	620	1	620	70896	11490	12093	0.0
pUC_ori	9e63baac-2530-4a04-ba76-d6509c2fcef8	96.006	601	6	16	620	1	620	70896	67699	68311	0.0
pUC_ori	9e63baac-2530-4a04-ba76-d6509c2fcef8	95.813	595	11	10	620	1	620	70896	58247	57641	0.0
pUC_ori	9e63baac-2530-4a04-ba76-d6509c2fcef8	94.543	589	11	12	620	1	620	70896	15667	15065	0.0
pUC_ori	9e63baac-2530-4a04-ba76-d6509c2fcef8	94.669	586	12	16	620	4	620	70896	27673	27074	0.0
pUC_ori	fb4027a4-c31c-4e5c-97e8-988e13ddcb7c	98.208	603	2	6	620	9	620	34355	12498	11892	0.0
pUC_ori	fb4027a4-c31c-4e5c-97e8-988e13ddcb7c	97.424	605	7	7	620	1	620	34355	11308	10696	0.0
pUC_ori	fb4027a4-c31c-4e5c-97e8-988e13ddcb7c	97.120	607	7	8	620	1	620	34355	3021	2403	0.0
pUC_ori	fb4027a4-c31c-4e5c-97e8-988e13ddcb7c	96.661	608	4	12	620	1	620	34355	28409	29029	0.0
pUC_ori	fb4027a4-c31c-4e5c-97e8-988e13ddcb7c	96.178	604	7	10	620	1	620	34355	5931	6549	0.0
pUC_ori	fb4027a4-c31c-4e5c-97e8-988e13ddcb7c	95.840	599	11	11	620	1	620	34355	21684	22298	0.0
pUC_ori	fb4027a4-c31c-4e5c-97e8-988e13ddcb7c	95.853	601	5	14	620	1	620	34355	25045	25657	0.0
pUC_ori	fb4027a4-c31c-4e5c-97e8-988e13ddcb7c	94.847	589	12	14	620	1	620	34355	15577	16178	0.0
pUC_ori	fb4027a4-c31c-4e5c-97e8-988e13ddcb7c	94.136	594	16	13	620	1	620	34355	33163	32543	0.0
pUC_ori	343980cd-0dd6-42ca-bdc7-bbb1280dc189	97.760	611	1	9	620	1	620	38618	24615	25231	0.0
pUC_ori	343980cd-0dd6-42ca-bdc7-bbb1280dc189	97.424	605	6	6	620	1	620	38618	18514	19125	0.0
pUC_ori	343980cd-0dd6-42ca-bdc7-bbb1280dc189	96.950	604	5	9	620	1	620	38618	31458	30847	0.0
pUC_ori	343980cd-0dd6-42ca-bdc7-bbb1280dc189	96.032	605	9	10	620	1	620	38618	3260	3883	0.0
pUC_ori	343980cd-0dd6-42ca-bdc7-bbb1280dc189	94.498	395	11	9	620	208	620	38618	7273	6863	2.70e-179
pUC_ori	343980cd-0dd6-42ca-bdc7-bbb1280dc189	81.553	504	36	43	620	1	609	38618	28740	28192	2.27e-120
pUC_ori	3727ce3d-2b0d-4d5d-9fab-95f681f6868f	97.756	610	2	8	620	1	620	26142	13650	14265	0.0
pUC_ori	3727ce3d-2b0d-4d5d-9fab-95f681f6868f	97.106	604	6	9	620	1	620	26142	16982	17593	0.0
pUC_ori	3727ce3d-2b0d-4d5d-9fab-95f681f6868f	93.868	597	11	20	620	1	620	26142	20349	20972	0.0
pUC_ori	3727ce3d-2b0d-4d5d-9fab-95f681f6868f	90.491	571	27	23	620	1	620	26142	4808	4200	0.0
pUC_ori	3727ce3d-2b0d-4d5d-9fab-95f681f6868f	89.688	574	27	30	620	1	620	26142	3614	2994	0.0
pUC_ori	3727ce3d-2b0d-4d5d-9fab-95f681f6868f	78.583	499	50	63	620	1	620	26142	24994	24431	6.59e-91
pUC_ori	3727ce3d-2b0d-4d5d-9fab-95f681f6868f	81.364	179	11	14	620	402	611	26142	8011	8210	3.32e-34
pUC_ori	a28e27ef-8fe7-41e7-b7af-f8dac36304b0	97.749	608	4	7	620	1	620	41592	20481	19868	0.0
pUC_ori	a28e27ef-8fe7-41e7-b7af-f8dac36304b0	95.513	596	15	9	620	1	620	41592	4826	4212	0.0
pUC_ori	a28e27ef-8fe7-41e7-b7af-f8dac36304b0	95.048	595	13	15	620	1	620	41592	29555	28942	0.0
pUC_ori	a28e27ef-8fe7-41e7-b7af-f8dac36304b0	95.064	597	6	17	620	1	620	41592	11239	10629	0.0
pUC_ori	a28e27ef-8fe7-41e7-b7af-f8dac36304b0	94.888	594	9	15	620	1	620	41592	18870	18262	0.0
pUC_ori	a28e27ef-8fe7-41e7-b7af-f8dac36304b0	94.543	589	5	19	620	1	620	41592	12819	12223	0.0
pUC_ori	a28e27ef-8fe7-41e7-b7af-f8dac36304b0	78.130	468	47	55	620	2	578	41592	29914	30450	8.65e-80
pUC_ori	1f3d2493-2d5b-4ceb-a3a1-0c9f74674d8e	97.746	607	5	7	620	1	620	49914	22590	23202	0.0
pUC_ori	1f3d2493-2d5b-4ceb-a3a1-0c9f74674d8e	96.148	599	6	10	620	1	620	49914	1181	1788	0.0
pUC_ori	1f3d2493-2d5b-4ceb-a3a1-0c9f74674d8e	95.541	600	10	12	620	1	620	49914	18673	18056	0.0
pUC_ori	1f3d2493-2d5b-4ceb-a3a1-0c9f74674d8e	94.603	596	12	17	620	1	620	49914	9241	8624	0.0
pUC_ori	1f3d2493-2d5b-4ceb-a3a1-0c9f74674d8e	94.543	589	13	14	620	1	620	49914	45561	44957	0.0
pUC_ori	1f3d2493-2d5b-4ceb-a3a1-0c9f74674d8e	94.391	589	12	18	620	1	620	49914	30847	31451	0.0
pUC_ori	1f3d2493-2d5b-4ceb-a3a1-0c9f74674d8e	94.108	575	5	23	620	21	620	49914	12585	11995	0.0
pUC_ori	1f3d2493-2d5b-4ceb-a3a1-0c9f74674d8e	92.038	578	15	21	620	1	620	49914	27955	27355	0.0
pUC_ori	1f3d2493-2d5b-4ceb-a3a1-0c9f74674d8e	80.442	473	47	45	620	35	611	49914	21497	22027	8.35e-105
pUC_ori	1f3d2493-2d5b-4ceb-a3a1-0c9f74674d8e	78.224	467	62	45	620	35	620	49914	5836	5297	8.59e-85
pUC_ori	1f3d2493-2d5b-4ceb-a3a1-0c9f74674d8e	94.643	159	6	1	620	1	168	49914	37223	37387	6.83e-66
pUC_ori	cb9be076-2d39-43d3-9941-4025cd3caaec	97.456	613	2	13	620	1	620	5711	3037	3660	0.0
pUC_ori	cb9be076-2d39-43d3-9941-4025cd3caaec	93.939	589	19	16	620	1	620	5711	1842	2456	0.0
pUC_ori	2f86e314-ed55-4244-953d-d8a7e215b46e	97.742	606	4	9	620	1	620	48469	3176	3785	0.0
pUC_ori	2f86e314-ed55-4244-953d-d8a7e215b46e	96.019	603	8	12	620	1	620	48469	13516	12898	0.0
pUC_ori	2f86e314-ed55-4244-953d-d8a7e215b46e	95.513	596	12	13	620	1	620	48469	46641	47252	0.0
pUC_ori	2f86e314-ed55-4244-953d-d8a7e215b46e	95.064	597	14	14	620	1	620	48469	42677	43295	0.0
pUC_ori	2f86e314-ed55-4244-953d-d8a7e215b46e	93.819	592	8	20	620	1	620	48469	9292	9902	0.0
pUC_ori	2f86e314-ed55-4244-953d-d8a7e215b46e	91.746	578	15	20	620	2	620	48469	31575	30972	0.0
pUC_ori	2f86e314-ed55-4244-953d-d8a7e215b46e	91.456	578	19	22	620	3	620	48469	16280	15670	0.0
pUC_ori	2f86e314-ed55-4244-953d-d8a7e215b46e	89.920	562	24	23	620	1	620	48469	25512	24922	0.0
pUC_ori	c27f1ab1-c564-4bf6-b9f4-4120e063c288	97.440	609	4	8	620	1	620	54060	5184	4567	0.0
pUC_ori	c27f1ab1-c564-4bf6-b9f4-4120e063c288	97.585	606	6	8	620	1	620	54060	18908	18296	0.0
pUC_ori	c27f1ab1-c564-4bf6-b9f4-4120e063c288	97.120	607	3	11	620	1	620	54060	28707	28093	0.0
pUC_ori	c27f1ab1-c564-4bf6-b9f4-4120e063c288	96.651	606	5	12	620	1	620	54060	45914	46531	0.0
pUC_ori	c27f1ab1-c564-4bf6-b9f4-4120e063c288	96.795	604	5	12	620	1	620	54060	49277	49889	0.0
pUC_ori	c27f1ab1-c564-4bf6-b9f4-4120e063c288	95.707	602	12	12	620	1	620	54060	33253	32631	0.0
pUC_ori	c27f1ab1-c564-4bf6-b9f4-4120e063c288	95.367	597	10	14	620	1	620	54060	38326	37714	0.0
pUC_ori	c27f1ab1-c564-4bf6-b9f4-4120e063c288	77.929	459	48	49	620	23	600	54060	23805	24322	1.87e-76
pUC_ori	4c686fb5-6b68-4669-9e42-cfc6558c68a1	97.444	610	2	8	620	1	620	60718	1315	1932	0.0
pUC_ori	4c686fb5-6b68-4669-9e42-cfc6558c68a1	96.940	602	6	8	620	1	620	60718	48450	47842	0.0
pUC_ori	4c686fb5-6b68-4669-9e42-cfc6558c68a1	96.629	602	8	11	620	1	620	60718	42791	43403	0.0
pUC_ori	4c686fb5-6b68-4669-9e42-cfc6558c68a1	95.847	600	8	14	620	1	620	60718	39429	40042	0.0
pUC_ori	4c686fb5-6b68-4669-9e42-cfc6558c68a1	95.666	596	7	13	620	1	620	60718	35472	36077	0.0
pUC_ori	4c686fb5-6b68-4669-9e42-cfc6558c68a1	95.659	595	7	13	620	1	620	60718	56506	55903	0.0
pUC_ori	4c686fb5-6b68-4669-9e42-cfc6558c68a1	94.612	597	6	17	620	1	620	60718	5538	4925	0.0
pUC_ori	4c686fb5-6b68-4669-9e42-cfc6558c68a1	94.313	597	10	15	620	1	620	60718	17592	16973	0.0
pUC_ori	4c686fb5-6b68-4669-9e42-cfc6558c68a1	93.959	591	12	15	620	1	620	60718	23668	23057	0.0
pUC_ori	4c686fb5-6b68-4669-9e42-cfc6558c68a1	93.185	588	12	21	620	1	620	60718	54897	54287	0.0
pUC_ori	4c686fb5-6b68-4669-9e42-cfc6558c68a1	89.507	563	28	29	620	7	620	60718	8282	7677	0.0
pUC_ori	4c686fb5-6b68-4669-9e42-cfc6558c68a1	83.041	284	20	22	620	283	620	60718	26993	27300	1.89e-71
pUC_ori	bcf9bf08-a480-447b-b136-7cbc756ed2b8	97.581	605	8	6	620	1	620	22717	17656	18268	0.0
pUC_ori	bcf9bf08-a480-447b-b136-7cbc756ed2b8	95.853	601	7	13	620	1	620	22717	10302	10916	0.0
pUC_ori	bcf9bf08-a480-447b-b136-7cbc756ed2b8	95.261	603	11	15	620	1	620	22717	13676	14302	0.0
pUC_ori	bcf9bf08-a480-447b-b136-7cbc756ed2b8	95.048	595	9	15	620	1	620	22717	21002	21611	0.0
pUC_ori	bcf9bf08-a480-447b-b136-7cbc756ed2b8	93.131	583	19	21	620	3	620	22717	1235	626	0.0
pUC_ori	011f345c-cd9f-42af-8e5f-5ec4b95b90a5	97.289	610	6	9	620	1	620	40918	25287	25909	0.0
pUC_ori	011f345c-cd9f-42af-8e5f-5ec4b95b90a5	97.262	604	4	8	620	1	620	40918	35470	36078	0.0
pUC_ori	011f345c-cd9f-42af-8e5f-5ec4b95b90a5	97.111	605	4	11	620	1	620	40918	28658	29269	0.0
pUC_ori	011f345c-cd9f-42af-8e5f-5ec4b95b90a5	96.645	605	5	12	620	1	620	40918	8167	7552	0.0
pUC_ori	011f345c-cd9f-42af-8e5f-5ec4b95b90a5	96.332	604	5	13	620	1	620	40918	17730	17115	0.0
pUC_ori	011f345c-cd9f-42af-8e5f-5ec4b95b90a5	94.872	592	7	19	620	1	620	40918	3146	3748	0.0
pUC_ori	011f345c-cd9f-42af-8e5f-5ec4b95b90a5	93.301	585	14	19	620	1	620	40918	12670	12065	0.0
pUC_ori	db4b5fdc-0ea9-447b-84a1-12d0a7ac23ab	97.581	605	5	7	620	1	620	59115	37302	37911	0.0
pUC_ori	db4b5fdc-0ea9-447b-84a1-12d0a7ac23ab	97.106	604	7	8	620	1	620	59115	40660	41272	0.0
pUC_ori	db4b5fdc-0ea9-447b-84a1-12d0a7ac23ab	96.172	603	9	11	620	1	620	59115	47489	48107	0.0
pUC_ori	db4b5fdc-0ea9-447b-84a1-12d0a7ac23ab	96.019	603	10	13	620	1	620	59115	20133	19513	0.0
pUC_ori	db4b5fdc-0ea9-447b-84a1-12d0a7ac23ab	95.981	597	12	6	620	1	620	59115	29716	29106	0.0
pUC_ori	db4b5fdc-0ea9-447b-84a1-12d0a7ac23ab	95.208	596	5	18	620	1	620	59115	24675	24069	0.0
pUC_ori	db4b5fdc-0ea9-447b-84a1-12d0a7ac23ab	95.024	592	11	12	620	1	620	59115	10090	9485	0.0
pUC_ori	db4b5fdc-0ea9-447b-84a1-12d0a7ac23ab	82.353	532	42	51	620	1	620	59115	15159	15758	1.33e-137
pUC_ori	db4b5fdc-0ea9-447b-84a1-12d0a7ac23ab	98.810	166	0	2	620	1	168	59115	55902	55737	4.02e-78
pUC_ori	35f98073-f4b2-4cfa-891a-1254f738e38f	97.428	606	6	9	620	1	620	56525	1148	1761	0.0
pUC_ori	35f98073-f4b2-4cfa-891a-1254f738e38f	97.106	604	11	7	620	1	620	56525	45440	44824	0.0
pUC_ori	35f98073-f4b2-4cfa-891a-1254f738e38f	96.645	605	3	11	620	1	620	56525	30699	31312	0.0
pUC_ori	35f98073-f4b2-4cfa-891a-1254f738e38f	96.618	600	12	8	620	1	620	56525	55582	54970	0.0
pUC_ori	35f98073-f4b2-4cfa-891a-1254f738e38f	96.160	601	7	9	620	1	620	56525	52273	51661	0.0
pUC_ori	35f98073-f4b2-4cfa-891a-1254f738e38f	95.367	597	11	15	620	1	620	56525	22469	23082	0.0
pUC_ori	35f98073-f4b2-4cfa-891a-1254f738e38f	94.888	594	10	16	620	1	620	56525	8943	8334	0.0
pUC_ori	35f98073-f4b2-4cfa-891a-1254f738e38f	92.616	577	14	24	620	1	620	56525	21294	21887	0.0
pUC_ori	35f98073-f4b2-4cfa-891a-1254f738e38f	92.344	579	19	18	620	1	620	56525	27794	27190	0.0
pUC_ori	35f98073-f4b2-4cfa-891a-1254f738e38f	91.601	578	17	24	620	1	620	56525	18251	17646	0.0
pUC_ori	35f98073-f4b2-4cfa-891a-1254f738e38f	89.633	562	35	22	620	1	612	56525	12290	11679	0.0
pUC_ori	35f98073-f4b2-4cfa-891a-1254f738e38f	93.605	161	1	8	620	1	168	56525	37084	37249	4.11e-63
pUC_ori	10ead8ba-fb29-4904-acf2-2267f197d31a	97.284	609	3	9	620	1	620	45456	11434	10817	0.0
pUC_ori	10ead8ba-fb29-4904-acf2-2267f197d31a	97.059	594	9	8	620	14	620	45456	24285	23678	0.0
pUC_ori	10ead8ba-fb29-4904-acf2-2267f197d31a	96.779	601	1	11	620	1	620	45456	33158	33760	0.0
pUC_ori	10ead8ba-fb29-4904-acf2-2267f197d31a	96.308	600	1	13	620	1	620	45456	36514	37117	0.0
pUC_ori	10ead8ba-fb29-4904-acf2-2267f197d31a	95.994	599	10	9	620	1	620	45456	17721	18333	0.0
pUC_ori	10ead8ba-fb29-4904-acf2-2267f197d31a	95.680	598	9	15	620	1	620	45456	39863	40474	0.0
pUC_ori	10ead8ba-fb29-4904-acf2-2267f197d31a	95.779	590	8	12	620	17	620	45456	14788	14179	0.0
pUC_ori	10ead8ba-fb29-4904-acf2-2267f197d31a	94.855	590	10	12	620	1	620	45456	23086	22485	0.0
pUC_ori	10ead8ba-fb29-4904-acf2-2267f197d31a	95.498	403	4	10	620	203	620	45456	7423	7833	0.0
pUC_ori	15c093cd-2172-43c2-83d5-ed6ece824af4	97.262	604	9	6	620	1	620	22118	5529	4916	0.0
pUC_ori	15c093cd-2172-43c2-83d5-ed6ece824af4	96.965	607	4	11	620	1	620	22118	3924	3308	0.0
pUC_ori	15c093cd-2172-43c2-83d5-ed6ece824af4	95.652	594	19	7	620	1	620	22118	14540	13927	0.0
pUC_ori	15c093cd-2172-43c2-83d5-ed6ece824af4	77.358	410	49	42	620	89	611	22118	14970	15435	4.11e-63
pUC_ori	a504fc47-99f8-41ff-abf5-2bd31f82fbbe	97.271	606	4	9	620	1	620	70138	3929	3317	0.0
pUC_ori	a504fc47-99f8-41ff-abf5-2bd31f82fbbe	96.635	603	10	7	620	1	620	70138	5536	4920	0.0
pUC_ori	a504fc47-99f8-41ff-abf5-2bd31f82fbbe	96.779	601	4	12	620	1	620	70138	22253	21648	0.0
pUC_ori	a504fc47-99f8-41ff-abf5-2bd31f82fbbe	96.000	600	6	14	620	1	620	70138	13182	12572	0.0
pUC_ori	a504fc47-99f8-41ff-abf5-2bd31f82fbbe	94.203	585	16	14	620	1	620	70138	11578	10977	0.0
pUC_ori	abff7559-34d6-4200-84b4-19f4c7ccc028	96.979	610	3	11	620	1	620	61691	52976	52355	0.0
pUC_ori	599af909-8513-4867-94da-e4a3ac2596ec	96.970	608	5	13	620	1	620	12873	7580	8199	0.0
pUC_ori	599af909-8513-4867-94da-e4a3ac2596ec	95.994	599	3	13	620	1	620	12873	2441	1836	0.0
pUC_ori	599af909-8513-4867-94da-e4a3ac2596ec	93.819	592	13	19	620	1	620	12873	12612	11997	0.0
pUC_ori	b964bb1a-4809-46b8-906a-7035bcc8fe87	96.970	608	5	10	620	1	620	40690	5832	6451	0.0
pUC_ori	b964bb1a-4809-46b8-906a-7035bcc8fe87	95.666	596	11	13	620	1	620	40690	2490	3099	0.0
pUC_ori	b964bb1a-4809-46b8-906a-7035bcc8fe87	94.904	596	6	16	620	1	620	40690	36033	36642	0.0
pUC_ori	b964bb1a-4809-46b8-906a-7035bcc8fe87	94.586	594	12	17	620	1	620	40690	11460	12073	0.0
pUC_ori	b964bb1a-4809-46b8-906a-7035bcc8fe87	91.083	572	18	28	620	1	620	40690	32633	32036	0.0
pUC_ori	b964bb1a-4809-46b8-906a-7035bcc8fe87	82.278	520	56	45	620	1	615	40690	18259	18851	1.33e-137
pUC_ori	b964bb1a-4809-46b8-906a-7035bcc8fe87	95.930	165	2	4	620	1	168	40690	26621	26451	6.78e-71
pUC_ori	5e83a439-6687-43ac-bf64-ddfb89baf36f	97.115	606	5	8	620	1	620	40630	22397	23011	0.0
pUC_ori	5e83a439-6687-43ac-bf64-ddfb89baf36f	96.332	604	5	15	620	1	620	40630	14685	15300	0.0
pUC_ori	5e83a439-6687-43ac-bf64-ddfb89baf36f	95.833	598	11	13	620	1	620	40630	24009	24621	0.0
pUC_ori	5e83a439-6687-43ac-bf64-ddfb89baf36f	95.382	599	6	15	620	1	620	40630	5763	5151	0.0
pUC_ori	5e83a439-6687-43ac-bf64-ddfb89baf36f	95.375	598	7	15	620	1	620	40630	16301	16912	0.0
pUC_ori	5e83a439-6687-43ac-bf64-ddfb89baf36f	94.108	591	11	17	620	1	620	40630	36044	35435	0.0
pUC_ori	5e83a439-6687-43ac-bf64-ddfb89baf36f	93.750	585	12	19	620	1	620	40630	30424	31024	0.0
pUC_ori	5e83a439-6687-43ac-bf64-ddfb89baf36f	93.153	585	18	18	620	1	620	40630	39376	38766	0.0
pUC_ori	5c7a89d4-816c-4079-a757-5db85f7bff41	97.106	604	5	11	620	1	620	41242	20137	19527	0.0
pUC_ori	5c7a89d4-816c-4079-a757-5db85f7bff41	96.000	600	10	11	620	1	620	41242	9479	8865	0.0
pUC_ori	5c7a89d4-816c-4079-a757-5db85f7bff41	95.673	597	9	15	620	1	620	41242	3406	2797	0.0
pUC_ori	5c7a89d4-816c-4079-a757-5db85f7bff41	95.200	595	16	11	620	1	620	41242	1814	1199	0.0
pUC_ori	5c7a89d4-816c-4079-a757-5db85f7bff41	93.750	585	19	16	620	1	620	41242	11063	10456	0.0
pUC_ori	5c7a89d4-816c-4079-a757-5db85f7bff41	80.921	246	22	21	620	301	598	41242	20701	20974	6.98e-51
pUC_ori	e37165b0-4f4a-4226-812f-a4f215e46278	97.101	603	6	8	620	1	620	45850	18914	18305	0.0
pUC_ori	e37165b0-4f4a-4226-812f-a4f215e46278	96.457	599	6	12	620	1	620	45850	11230	10625	0.0
pUC_ori	e37165b0-4f4a-4226-812f-a4f215e46278	95.382	599	6	12	620	1	620	45850	17314	16702	0.0
pUC_ori	e37165b0-4f4a-4226-812f-a4f215e46278	95.498	594	11	12	620	1	620	45850	27997	27391	0.0
pUC_ori	e37165b0-4f4a-4226-812f-a4f215e46278	94.089	589	10	22	620	1	620	45850	9636	9032	0.0
pUC_ori	e37165b0-4f4a-4226-812f-a4f215e46278	92.663	581	26	15	620	1	620	45850	3220	2607	0.0
pUC_ori	747152ff-f7fd-4ea8-b215-07ed74ba91ef	96.955	605	6	11	620	1	620	59406	27204	26590	0.0
pUC_ori	747152ff-f7fd-4ea8-b215-07ed74ba91ef	94.453	596	10	17	620	1	620	59406	33704	33088	0.0
pUC_ori	747152ff-f7fd-4ea8-b215-07ed74ba91ef	79.605	242	28	25	620	307	605	59406	27767	28041	9.09e-45
pUC_ori	70fa22ea-677b-43b5-9e70-22cd82e33d0d	96.950	604	5	9	620	1	620	65100	45205	44594	0.0
pUC_ori	70fa22ea-677b-43b5-9e70-22cd82e33d0d	96.790	603	7	12	620	1	620	65100	30626	31238	0.0
pUC_ori	70fa22ea-677b-43b5-9e70-22cd82e33d0d	96.434	595	3	12	620	1	611	65100	62713	63316	0.0
pUC_ori	70fa22ea-677b-43b5-9e70-22cd82e33d0d	95.666	596	7	15	620	1	620	65100	18269	17664	0.0
pUC_ori	70fa22ea-677b-43b5-9e70-22cd82e33d0d	93.631	588	13	19	620	1	620	65100	27717	27109	0.0
pUC_ori	70fa22ea-677b-43b5-9e70-22cd82e33d0d	93.440	584	14	18	620	1	620	65100	55301	54699	0.0
pUC_ori	70fa22ea-677b-43b5-9e70-22cd82e33d0d	93.087	579	13	21	620	1	620	65100	51990	51397	0.0
pUC_ori	70fa22ea-677b-43b5-9e70-22cd82e33d0d	92.000	575	25	16	620	1	620	65100	12210	11606	0.0
pUC_ori	70fa22ea-677b-43b5-9e70-22cd82e33d0d	90.032	560	28	22	620	9	620	65100	942	1539	0.0
pUC_ori	70fa22ea-677b-43b5-9e70-22cd82e33d0d	89.331	561	23	25	620	1	612	65100	8879	8280	0.0
pUC_ori	70fa22ea-677b-43b5-9e70-22cd82e33d0d	81.750	542	45	52	620	1	620	65100	22325	22954	2.88e-134
pUC_ori	70fa22ea-677b-43b5-9e70-22cd82e33d0d	79.789	454	48	50	620	68	620	65100	5543	5026	3.05e-94
pUC_ori	70fa22ea-677b-43b5-9e70-22cd82e33d0d	77.162	473	56	60	620	34	620	65100	21222	21776	1.46e-72
pUC_ori	70fa22ea-677b-43b5-9e70-22cd82e33d0d	93.567	160	3	4	620	1	168	65100	37001	37166	4.11e-63
pUC_ori	692611a3-89e1-4b9d-90cb-0b739d6797a8	96.795	604	11	7	620	1	620	87841	75829	76447	0.0
pUC_ori	692611a3-89e1-4b9d-90cb-0b739d6797a8	96.148	599	7	12	620	1	620	87841	60298	60906	0.0
pUC_ori	692611a3-89e1-4b9d-90cb-0b739d6797a8	95.840	599	9	13	620	1	620	87841	79174	79786	0.0
pUC_ori	692611a3-89e1-4b9d-90cb-0b739d6797a8	94.872	592	13	15	620	1	620	87841	35863	36471	0.0
pUC_ori	692611a3-89e1-4b9d-90cb-0b739d6797a8	94.745	595	9	18	620	1	620	87841	4938	5549	0.0
pUC_ori	692611a3-89e1-4b9d-90cb-0b739d6797a8	94.436	594	12	18	620	1	620	87841	42679	43293	0.0
pUC_ori	692611a3-89e1-4b9d-90cb-0b739d6797a8	94.231	588	11	19	620	1	620	87841	26891	27493	0.0
pUC_ori	692611a3-89e1-4b9d-90cb-0b739d6797a8	93.959	591	15	15	620	1	620	87841	65601	64987	0.0
pUC_ori	692611a3-89e1-4b9d-90cb-0b739d6797a8	93.939	589	16	17	620	1	620	87841	57439	56828	0.0
pUC_ori	692611a3-89e1-4b9d-90cb-0b739d6797a8	93.620	587	19	18	620	1	620	87841	82541	83153	0.0
pUC_ori	692611a3-89e1-4b9d-90cb-0b739d6797a8	93.228	592	13	19	620	1	620	87841	19325	18706	0.0
pUC_ori	692611a3-89e1-4b9d-90cb-0b739d6797a8	93.153	585	18	19	620	1	620	87841	66790	66180	0.0
pUC_ori	692611a3-89e1-4b9d-90cb-0b739d6797a8	89.650	563	23	31	620	1	620	87841	30238	30831	0.0
pUC_ori	692611a3-89e1-4b9d-90cb-0b739d6797a8	89.540	565	13	33	620	1	620	87841	14374	13786	0.0
pUC_ori	692611a3-89e1-4b9d-90cb-0b739d6797a8	85.377	543	40	42	620	1	620	87841	69806	70404	4.55e-172
pUC_ori	692611a3-89e1-4b9d-90cb-0b739d6797a8	84.579	532	35	43	620	7	620	87841	9910	9329	2.78e-159
pUC_ori	692611a3-89e1-4b9d-90cb-0b739d6797a8	91.860	158	4	9	620	1	168	87841	51058	50893	4.14e-58
pUC_ori	cf94dbe9-481c-4697-834d-5db994a5c59e	96.790	603	6	9	620	1	620	9817	5398	4787	0.0
pUC_ori	cf94dbe9-481c-4697-834d-5db994a5c59e	98.867	349	1	2	620	269	620	9817	2614	2264	4.52e-177
pUC_ori	cf94dbe9-481c-4697-834d-5db994a5c59e	85.065	131	10	10	620	470	620	9817	6239	6382	5.55e-32
pUC_ori	4ea3ea0d-d765-4946-b89e-2587a868763f	96.795	604	4	12	620	1	618	23439	6862	6249	0.0
pUC_ori	4ea3ea0d-d765-4946-b89e-2587a868763f	96.326	603	13	7	620	1	620	23439	606	1227	0.0
pUC_ori	4ea3ea0d-d765-4946-b89e-2587a868763f	96.135	597	2	14	620	1	620	23439	11689	12288	0.0
pUC_ori	4ea3ea0d-d765-4946-b89e-2587a868763f	97.619	164	1	2	620	1	168	23439	20096	19932	3.13e-74
pUC_ori	4ea3ea0d-d765-4946-b89e-2587a868763f	95.858	162	0	3	620	452	620	23439	9749	9588	1.13e-68
pUC_ori	ebc994cc-50d6-4d20-806c-e93cb9600be8	96.645	605	5	14	620	1	620	48069	17315	16700	0.0
pUC_ori	ebc994cc-50d6-4d20-806c-e93cb9600be8	95.534	599	9	14	620	1	620	48069	42331	42945	0.0
pUC_ori	ebc994cc-50d6-4d20-806c-e93cb9600be8	95.056	596	12	15	620	1	620	48069	20193	20807	0.0
pUC_ori	ebc994cc-50d6-4d20-806c-e93cb9600be8	94.543	589	10	20	620	1	620	48069	35691	36292	0.0
pUC_ori	ebc994cc-50d6-4d20-806c-e93cb9600be8	93.891	584	15	16	620	1	620	48069	38990	39590	0.0
pUC_ori	ebc994cc-50d6-4d20-806c-e93cb9600be8	92.902	589	19	19	620	1	620	48069	25516	24895	0.0
pUC_ori	ebc994cc-50d6-4d20-806c-e93cb9600be8	92.733	587	14	25	620	1	620	48069	2819	3432	0.0
pUC_ori	ebc994cc-50d6-4d20-806c-e93cb9600be8	92.405	584	13	26	620	3	620	48069	47064	46454	0.0
pUC_ori	ebc994cc-50d6-4d20-806c-e93cb9600be8	90.640	581	18	26	620	1	620	48069	26719	26100	0.0
pUC_ori	ebc994cc-50d6-4d20-806c-e93cb9600be8	81.260	490	53	42	620	1	590	48069	29710	30265	1.06e-118
pUC_ori	ebc994cc-50d6-4d20-806c-e93cb9600be8	88.439	153	8	10	620	1	168	48069	11137	10972	4.20e-48
pUC_ori	d67ef7bd-3eae-4e0e-bfbe-3c6246806082	96.491	605	10	8	620	1	620	21070	16149	16770	0.0
pUC_ori	d67ef7bd-3eae-4e0e-bfbe-3c6246806082	95.330	592	9	15	620	1	618	21070	18900	19503	0.0
pUC_ori	1840cab9-5c18-4f12-aeed-d2dafdef9f85	96.785	602	4	11	620	1	620	32943	5500	6107	0.0
pUC_ori	1840cab9-5c18-4f12-aeed-d2dafdef9f85	95.772	589	13	11	620	1	614	32943	21823	21221	0.0
pUC_ori	1840cab9-5c18-4f12-aeed-d2dafdef9f85	94.896	595	13	13	620	1	620	32943	14478	13864	0.0
pUC_ori	1840cab9-5c18-4f12-aeed-d2dafdef9f85	95.177	592	7	12	620	1	620	32943	27875	27275	0.0
pUC_ori	1840cab9-5c18-4f12-aeed-d2dafdef9f85	94.089	589	14	17	620	1	620	32943	11149	10541	0.0
pUC_ori	1840cab9-5c18-4f12-aeed-d2dafdef9f85	93.185	588	18	20	620	1	620	32943	18468	17852	0.0
pUC_ori	1840cab9-5c18-4f12-aeed-d2dafdef9f85	82.234	486	29	49	620	34	605	32943	31104	31637	6.32e-121
pUC_ori	c94cf65f-1375-4a2f-bcb5-306720295d5d	96.790	603	3	13	620	1	620	14277	1967	2575	0.0
pUC_ori	c94cf65f-1375-4a2f-bcb5-306720295d5d	96.308	600	0	11	620	1	620	14277	11374	11976	0.0
pUC_ori	c94cf65f-1375-4a2f-bcb5-306720295d5d	87.719	550	39	30	620	1	615	14277	8029	8629	0.0
pUC_ori	88ac168f-6ef2-41fe-8331-6f7316ff83bf	96.645	605	4	13	620	1	620	31221	22398	23012	0.0
pUC_ori	88ac168f-6ef2-41fe-8331-6f7316ff83bf	95.853	601	10	12	620	1	620	31221	12332	11715	0.0
pUC_ori	88ac168f-6ef2-41fe-8331-6f7316ff83bf	95.506	595	7	15	620	1	620	31221	18400	17796	0.0
pUC_ori	88ac168f-6ef2-41fe-8331-6f7316ff83bf	94.737	594	9	14	620	1	620	31221	8961	8352	0.0
pUC_ori	88ac168f-6ef2-41fe-8331-6f7316ff83bf	94.186	567	18	16	620	1	593	31221	30618	31211	0.0
pUC_ori	88ac168f-6ef2-41fe-8331-6f7316ff83bf	93.376	578	14	22	620	6	620	31221	5679	5084	0.0
pUC_ori	88ac168f-6ef2-41fe-8331-6f7316ff83bf	90.750	569	23	27	620	1	620	31221	27752	27154	0.0
pUC_ori	88ac168f-6ef2-41fe-8331-6f7316ff83bf	89.871	559	28	20	620	1	607	31221	963	1564	0.0
pUC_ori	88ac168f-6ef2-41fe-8331-6f7316ff83bf	75.576	328	46	38	620	135	554	31221	21413	21800	1.98e-36
pUC_ori	c416e302-ed96-438e-b5c0-d510c716e55a	96.486	604	6	13	620	1	620	14240	5945	6560	0.0
pUC_ori	c416e302-ed96-438e-b5c0-d510c716e55a	96.629	602	2	10	620	1	620	14240	12026	12632	0.0
pUC_ori	89e3e169-6468-4ce2-bdd5-e6cc60b9084a	96.480	603	6	12	620	1	620	40549	33614	34227	0.0
pUC_ori	89e3e169-6468-4ce2-bdd5-e6cc60b9084a	95.048	595	10	17	620	1	620	40549	38628	38018	0.0
pUC_ori	89e3e169-6468-4ce2-bdd5-e6cc60b9084a	94.695	589	11	13	620	6	620	40549	14850	14244	0.0
pUC_ori	89e3e169-6468-4ce2-bdd5-e6cc60b9084a	93.930	588	15	16	620	1	620	40549	28487	27879	0.0
pUC_ori	89e3e169-6468-4ce2-bdd5-e6cc60b9084a	91.905	579	17	21	620	1	620	40549	8820	8215	0.0
pUC_ori	89e3e169-6468-4ce2-bdd5-e6cc60b9084a	93.587	394	6	12	620	202	620	40549	4860	5261	1.64e-171
pUC_ori	fae31983-e85b-404e-86d7-61c4ad3a089a	96.178	604	12	11	620	1	620	62611	3001	2378	0.0
pUC_ori	fae31983-e85b-404e-86d7-61c4ad3a089a	93.437	541	16	14	620	51	620	62611	52414	51849	0.0
pUC_ori	fae31983-e85b-404e-86d7-61c4ad3a089a	91.520	572	25	18	620	1	620	62611	42949	43550	0.0
pUC_ori	fae31983-e85b-404e-86d7-61c4ad3a089a	91.242	573	22	20	620	1	620	62611	5886	6488	0.0
pUC_ori	fae31983-e85b-404e-86d7-61c4ad3a089a	92.101	548	22	18	620	37	620	62611	30377	29797	0.0
pUC_ori	fae31983-e85b-404e-86d7-61c4ad3a089a	90.665	573	29	20	620	1	620	62611	57513	58126	0.0
pUC_ori	fae31983-e85b-404e-86d7-61c4ad3a089a	88.226	562	37	26	620	3	620	62611	37944	38561	0.0
pUC_ori	fae31983-e85b-404e-86d7-61c4ad3a089a	87.441	557	38	31	620	1	620	62611	27100	26489	0.0
pUC_ori	fae31983-e85b-404e-86d7-61c4ad3a089a	86.909	551	45	28	620	1	620	62611	47440	48049	0.0
pUC_ori	fae31983-e85b-404e-86d7-61c4ad3a089a	86.730	549	43	28	620	1	620	62611	20339	19735	0.0
pUC_ori	fae31983-e85b-404e-86d7-61c4ad3a089a	84.118	143	10	11	620	1	168	62611	12161	12315	4.29e-33
pUC_ori	c066cbb3-de9a-4fed-b197-42ea37e6cd9f	96.463	600	6	9	620	1	620	39297	37360	37967	0.0
pUC_ori	c066cbb3-de9a-4fed-b197-42ea37e6cd9f	94.728	593	13	16	620	1	620	39297	9046	8435	0.0
pUC_ori	c066cbb3-de9a-4fed-b197-42ea37e6cd9f	94.720	592	12	15	620	1	620	39297	32326	32934	0.0
pUC_ori	c066cbb3-de9a-4fed-b197-42ea37e6cd9f	94.720	592	6	16	620	1	620	39297	24831	24229	0.0
pUC_ori	c066cbb3-de9a-4fed-b197-42ea37e6cd9f	93.312	586	16	19	620	1	618	39297	15871	15260	0.0
pUC_ori	c066cbb3-de9a-4fed-b197-42ea37e6cd9f	92.210	580	19	25	620	1	620	39297	21495	20888	0.0
pUC_ori	c066cbb3-de9a-4fed-b197-42ea37e6cd9f	94.220	163	1	7	620	1	168	39297	660	828	2.46e-65
pUC_ori	9eeadd8d-0249-4607-9940-0f2f6262a27b	96.469	601	4	12	620	1	620	28317	5985	5378	0.0
pUC_ori	9eeadd8d-0249-4607-9940-0f2f6262a27b	94.913	597	12	11	620	1	620	28317	2643	2026	0.0
pUC_ori	9eeadd8d-0249-4607-9940-0f2f6262a27b	95.410	582	6	12	620	13	620	28317	15359	14770	0.0
pUC_ori	9eeadd8d-0249-4607-9940-0f2f6262a27b	94.720	592	12	16	620	1	620	28317	27605	28213	0.0
pUC_ori	9eeadd8d-0249-4607-9940-0f2f6262a27b	93.258	581	23	13	620	2	620	28317	9313	8706	0.0
pUC_ori	9eeadd8d-0249-4607-9940-0f2f6262a27b	91.981	585	25	18	620	1	620	28317	19344	19969	0.0
pUC_ori	9eeadd8d-0249-4607-9940-0f2f6262a27b	92.357	580	18	22	620	1	620	28317	24710	24105	0.0
pUC_ori	9eeadd8d-0249-4607-9940-0f2f6262a27b	79.582	495	48	54	620	9	611	28317	18218	18779	2.34e-100
pUC_ori	f2558649-e0e9-464b-a1a2-12f290c8741f	96.172	603	10	12	620	1	620	10955	1803	2422	0.0
pUC_ori	f2558649-e0e9-464b-a1a2-12f290c8741f	93.450	585	16	20	620	1	620	10955	5126	5732	0.0
pUC_ori	f2558649-e0e9-464b-a1a2-12f290c8741f	89.085	555	20	30	620	1	612	10955	9780	9195	0.0
pUC_ori	c612e747-a793-49ad-a32c-37fe4bec170a	96.314	601	7	15	620	1	620	62959	14584	15195	0.0
pUC_ori	c612e747-a793-49ad-a32c-37fe4bec170a	95.382	599	10	14	620	1	620	62959	20261	19645	0.0
pUC_ori	c612e747-a793-49ad-a32c-37fe4bec170a	94.830	587	13	15	620	1	611	62959	11205	11812	0.0
pUC_ori	c612e747-a793-49ad-a32c-37fe4bec170a	94.427	593	13	17	620	1	620	62959	7225	7838	0.0
pUC_ori	c612e747-a793-49ad-a32c-37fe4bec170a	94.373	587	14	16	620	1	620	62959	34132	33530	0.0
pUC_ori	c612e747-a793-49ad-a32c-37fe4bec170a	94.118	592	10	19	620	1	620	62959	35739	35129	0.0
pUC_ori	c612e747-a793-49ad-a32c-37fe4bec170a	93.631	588	17	15	620	1	620	62959	44779	44167	0.0
pUC_ori	c612e747-a793-49ad-a32c-37fe4bec170a	91.433	555	22	20	620	20	620	62959	3934	4516	0.0
pUC_ori	c612e747-a793-49ad-a32c-37fe4bec170a	88.959	564	34	21	620	1	620	62959	28085	27474	0.0
pUC_ori	c612e747-a793-49ad-a32c-37fe4bec170a	96.703	88	1	2	620	1	91	62959	26511	26423	1.19e-33
pUC_ori	2737f491-9563-4e75-b667-9769c8a4d54e	96.314	601	7	13	620	1	620	15911	3449	4060	0.0
pUC_ori	2737f491-9563-4e75-b667-9769c8a4d54e	95.353	595	10	11	620	1	620	15911	6810	7418	0.0
pUC_ori	2737f491-9563-4e75-b667-9769c8a4d54e	93.949	590	15	17	620	1	620	15911	10149	10761	0.0
pUC_ori	eca39981-d546-458b-9fbb-d7467119568e	96.296	598	8	11	620	1	620	1832	1045	439	0.0
pUC_ori	6e666049-74f5-4cc8-83f9-e381d09f53b1	96.148	599	9	11	620	1	619	12116	1216	1827	0.0
pUC_ori	6e666049-74f5-4cc8-83f9-e381d09f53b1	91.080	582	27	24	620	1	620	12116	9070	8443	0.0
pUC_ori	6e666049-74f5-4cc8-83f9-e381d09f53b1	88.930	241	16	13	620	355	620	12116	5548	5287	2.39e-85
pUC_ori	6e666049-74f5-4cc8-83f9-e381d09f53b1	93.919	139	5	4	620	474	620	12116	11951	11807	8.96e-55
pUC_ori	1848c259-b443-42a1-8c8d-fd0f251b42d4	96.013	602	7	11	620	1	620	77933	25684	26299	0.0
pUC_ori	1848c259-b443-42a1-8c8d-fd0f251b42d4	93.968	592	15	17	620	1	620	77933	15279	14663	0.0
pUC_ori	1848c259-b443-42a1-8c8d-fd0f251b42d4	93.440	584	23	14	620	1	620	77933	71195	71806	0.0
pUC_ori	1848c259-b443-42a1-8c8d-fd0f251b42d4	93.600	585	11	17	620	1	620	77933	61893	61293	0.0
pUC_ori	1848c259-b443-42a1-8c8d-fd0f251b42d4	93.142	584	18	22	620	1	620	77933	33252	33860	0.0
pUC_ori	1848c259-b443-42a1-8c8d-fd0f251b42d4	93.291	584	12	20	620	1	620	77933	52505	51904	0.0
pUC_ori	1848c259-b443-42a1-8c8d-fd0f251b42d4	92.369	581	18	23	620	1	620	77933	65125	65732	0.0
pUC_ori	1848c259-b443-42a1-8c8d-fd0f251b42d4	92.480	578	15	23	620	1	620	77933	24093	24690	0.0
pUC_ori	1848c259-b443-42a1-8c8d-fd0f251b42d4	92.084	570	20	20	620	1	606	77933	39657	40259	0.0
pUC_ori	1848c259-b443-42a1-8c8d-fd0f251b42d4	91.720	576	22	21	620	1	620	77933	55841	55236	0.0
pUC_ori	1848c259-b443-42a1-8c8d-fd0f251b42d4	89.984	566	26	24	620	1	619	77933	31666	32267	0.0
pUC_ori	1848c259-b443-42a1-8c8d-fd0f251b42d4	89.904	561	34	22	620	1	620	77933	48575	47977	0.0
pUC_ori	1848c259-b443-42a1-8c8d-fd0f251b42d4	89.456	526	26	29	620	1	585	77933	45280	44726	0.0
pUC_ori	1848c259-b443-42a1-8c8d-fd0f251b42d4	78.851	343	33	35	620	34	452	77933	15624	16015	2.47e-60
pUC_ori	b73482bb-b0ba-4000-ad11-bd12e1321f2f	96.013	602	7	12	620	1	620	48084	39322	39937	0.0
pUC_ori	b73482bb-b0ba-4000-ad11-bd12e1321f2f	94.695	589	16	13	620	1	620	48084	42691	43297	0.0
pUC_ori	b73482bb-b0ba-4000-ad11-bd12e1321f2f	93.968	592	9	19	620	1	620	48084	26880	26270	0.0
pUC_ori	b73482bb-b0ba-4000-ad11-bd12e1321f2f	92.552	584	10	21	620	1	620	48084	3088	3692	0.0
pUC_ori	b73482bb-b0ba-4000-ad11-bd12e1321f2f	90.981	575	23	26	620	1	620	48084	35981	36590	0.0
pUC_ori	b73482bb-b0ba-4000-ad11-bd12e1321f2f	90.720	567	27	23	620	1	620	48084	29903	30501	0.0
pUC_ori	b73482bb-b0ba-4000-ad11-bd12e1321f2f	90.112	565	24	30	620	1	620	48084	25691	25096	0.0
pUC_ori	b73482bb-b0ba-4000-ad11-bd12e1321f2f	88.979	549	30	29	620	1	600	48084	20391	20986	0.0
pUC_ori	b73482bb-b0ba-4000-ad11-bd12e1321f2f	86.195	512	27	35	620	11	594	48084	17735	17187	1.65e-166
pUC_ori	b73482bb-b0ba-4000-ad11-bd12e1321f2f	87.500	154	6	9	620	1	168	48084	11467	11300	2.53e-45
pUC_ori	0c3a1d28-5378-4f1a-bb31-f060e37232a4	95.873	604	6	12	620	1	620	49669	24554	23935	0.0
pUC_ori	0c3a1d28-5378-4f1a-bb31-f060e37232a4	94.373	587	16	13	620	1	620	49669	41715	42319	0.0
pUC_ori	0c3a1d28-5378-4f1a-bb31-f060e37232a4	93.164	586	18	22	620	1	620	49669	45104	45716	0.0
pUC_ori	0c3a1d28-5378-4f1a-bb31-f060e37232a4	93.016	586	11	24	620	1	620	49669	29057	28451	0.0
pUC_ori	0c3a1d28-5378-4f1a-bb31-f060e37232a4	93.005	585	11	23	620	1	620	49669	34102	33498	0.0
pUC_ori	0c3a1d28-5378-4f1a-bb31-f060e37232a4	91.284	576	16	30	620	1	620	49669	1185	583	0.0
pUC_ori	0c3a1d28-5378-4f1a-bb31-f060e37232a4	90.569	557	18	28	620	14	620	49669	14797	14215	0.0
pUC_ori	0c3a1d28-5378-4f1a-bb31-f060e37232a4	80.702	184	15	19	620	400	620	49669	19972	20177	1.19e-33
pUC_ori	6ceac3dd-41b9-48d8-a810-30190807a2f2	96.006	601	7	14	620	3	620	26905	23389	22774	0.0
pUC_ori	6ceac3dd-41b9-48d8-a810-30190807a2f2	95.827	597	11	9	620	1	620	26905	1855	1245	0.0
pUC_ori	6ceac3dd-41b9-48d8-a810-30190807a2f2	93.354	590	19	17	620	1	620	26905	17299	16679	0.0
pUC_ori	6ceac3dd-41b9-48d8-a810-30190807a2f2	94.799	401	8	10	620	202	620	26905	13282	13694	0.0
pUC_ori	2f919487-367a-497f-b0b0-fcac60504db0	95.847	600	13	10	620	1	620	1289	619	1237	0.0
pUC_ori	e0ef486c-9739-47a7-856b-155cde50e66a	96.117	594	14	9	620	1	617	22599	2497	1889	0.0
pUC_ori	e0ef486c-9739-47a7-856b-155cde50e66a	96.462	409	4	10	620	202	620	22599	13594	14011	0.0
pUC_ori	e0ef486c-9739-47a7-856b-155cde50e66a	85.110	543	39	42	620	1	613	22599	17549	16943	2.74e-169
pUC_ori	05123ea9-42d2-4823-a01f-cf9ac3f84414	96.141	598	5	12	620	1	620	39523	20958	20354	0.0
pUC_ori	05123ea9-42d2-4823-a01f-cf9ac3f84414	95.215	597	11	16	620	1	620	39523	7233	7847	0.0
pUC_ori	05123ea9-42d2-4823-a01f-cf9ac3f84414	95.208	596	9	14	620	1	620	39523	1163	1773	0.0
pUC_ori	05123ea9-42d2-4823-a01f-cf9ac3f84414	93.631	588	20	18	620	1	620	39523	15264	15879	0.0
pUC_ori	05123ea9-42d2-4823-a01f-cf9ac3f84414	93.871	582	17	17	620	5	620	39523	31582	30980	0.0
pUC_ori	05123ea9-42d2-4823-a01f-cf9ac3f84414	91.153	577	26	22	620	1	620	39523	8839	9454	0.0
pUC_ori	05123ea9-42d2-4823-a01f-cf9ac3f84414	91.011	567	20	28	620	1	618	39523	37619	37028	0.0
pUC_ori	05123ea9-42d2-4823-a01f-cf9ac3f84414	90.579	548	25	24	620	21	611	39523	24289	23703	0.0
pUC_ori	05123ea9-42d2-4823-a01f-cf9ac3f84414	88.576	535	31	24	620	23	620	39523	28214	27643	0.0
pUC_ori	05123ea9-42d2-4823-a01f-cf9ac3f84414	92.442	159	4	6	620	450	620	39523	14	177	8.90e-60
pUC_ori	b68a028d-c6da-4b77-953a-ddcab9d27611	95.987	598	8	13	620	1	620	19657	9505	10113	0.0
pUC_ori	b68a028d-c6da-4b77-953a-ddcab9d27611	95.659	595	12	10	620	1	620	19657	18315	18923	0.0
pUC_ori	b68a028d-c6da-4b77-953a-ddcab9d27611	93.408	581	17	20	620	1	620	19657	858	259	0.0
pUC_ori	b68a028d-c6da-4b77-953a-ddcab9d27611	92.188	590	13	22	620	1	620	19657	7572	6950	0.0
pUC_ori	b68a028d-c6da-4b77-953a-ddcab9d27611	95.714	201	1	5	620	410	617	19657	1914	2117	3.97e-88
pUC_ori	b68a028d-c6da-4b77-953a-ddcab9d27611	94.118	176	3	6	620	436	620	19657	15005	15185	5.24e-72
pUC_ori	d1b03622-a8e0-49d1-b869-9176c23ad415	95.840	599	9	12	620	1	620	9728	1090	1702	0.0
pUC_ori	d1b03622-a8e0-49d1-b869-9176c23ad415	93.333	462	10	16	620	133	620	9728	5685	5207	0.0
pUC_ori	d1b03622-a8e0-49d1-b869-9176c23ad415	90.533	153	7	6	620	453	620	9728	5999	6159	4.17e-53
pUC_ori	b56cb63d-2326-4658-b322-73ce9129989c	95.694	600	10	13	620	1	620	57427	46497	45881	0.0
pUC_ori	b56cb63d-2326-4658-b322-73ce9129989c	95.208	596	12	13	620	1	620	57427	11536	10923	0.0
pUC_ori	b56cb63d-2326-4658-b322-73ce9129989c	95.208	596	10	15	620	1	620	57427	37060	36449	0.0
pUC_ori	b56cb63d-2326-4658-b322-73ce9129989c	95.330	592	11	14	620	1	620	57427	39950	40553	0.0
pUC_ori	b56cb63d-2326-4658-b322-73ce9129989c	94.929	599	6	13	620	1	620	57427	17580	16965	0.0
pUC_ori	b56cb63d-2326-4658-b322-73ce9129989c	94.864	591	15	13	620	1	620	57427	7350	7958	0.0
pUC_ori	b56cb63d-2326-4658-b322-73ce9129989c	94.728	593	9	14	620	1	620	57427	4617	5224	0.0
pUC_ori	b56cb63d-2326-4658-b322-73ce9129989c	94.118	592	11	21	620	1	620	57427	45296	44685	0.0
pUC_ori	b56cb63d-2326-4658-b322-73ce9129989c	94.262	575	11	17	620	3	611	57427	49531	50117	0.0
pUC_ori	b56cb63d-2326-4658-b322-73ce9129989c	93.482	588	16	21	620	1	620	57427	55535	56147	0.0
pUC_ori	b56cb63d-2326-4658-b322-73ce9129989c	95.487	402	9	7	620	202	620	57427	28860	29272	0.0
pUC_ori	ff20c46f-329e-423a-9e53-8e3ca6407715	95.840	599	5	13	620	1	620	4335	1995	1387	0.0
pUC_ori	8ea7dd96-8299-41e1-8f2c-40a470f7d3b3	95.548	601	8	13	620	1	620	40185	18409	19026	0.0
pUC_ori	8ea7dd96-8299-41e1-8f2c-40a470f7d3b3	93.987	594	12	18	620	1	620	40185	4460	5077	0.0
pUC_ori	8ea7dd96-8299-41e1-8f2c-40a470f7d3b3	93.839	594	17	19	620	1	620	40185	24506	25129	0.0
pUC_ori	8ea7dd96-8299-41e1-8f2c-40a470f7d3b3	95.644	527	2	15	620	1	541	40185	39635	40173	0.0
pUC_ori	6f0ab79f-e38d-4b5c-8c20-a2ce1a99fad0	95.813	595	11	12	620	1	620	14379	3625	3019	0.0
pUC_ori	6f0ab79f-e38d-4b5c-8c20-a2ce1a99fad0	94.099	590	12	19	620	1	620	14379	6979	6371	0.0
pUC_ori	6f0ab79f-e38d-4b5c-8c20-a2ce1a99fad0	93.419	582	16	15	620	1	620	14379	13055	12455	0.0
pUC_ori	587b170b-9b36-416b-b9b0-f7ffe28c2366	95.666	596	12	11	620	1	620	3263	864	254	0.0
pUC_ori	52f79d40-3725-4363-89fa-b680bab095af	95.382	599	12	14	620	1	620	8147	5569	4951	0.0
pUC_ori	be675bf2-2cd1-4024-976b-fde20709f652	95.673	597	6	17	620	1	620	68115	59273	59879	0.0
pUC_ori	be675bf2-2cd1-4024-976b-fde20709f652	94.080	588	11	16	620	1	620	68115	55943	56546	0.0
pUC_ori	be675bf2-2cd1-4024-976b-fde20709f652	93.811	576	15	16	620	1	611	68115	62605	63198	0.0
pUC_ori	be675bf2-2cd1-4024-976b-fde20709f652	92.994	584	17	24	620	1	620	68115	37576	36968	0.0
pUC_ori	be675bf2-2cd1-4024-976b-fde20709f652	92.540	583	23	17	620	1	620	68115	47022	46407	0.0
pUC_ori	be675bf2-2cd1-4024-976b-fde20709f652	93.212	563	17	18	620	17	620	68115	5311	4732	0.0
pUC_ori	be675bf2-2cd1-4024-976b-fde20709f652	91.442	577	14	32	620	1	620	68115	12805	13406	0.0
pUC_ori	be675bf2-2cd1-4024-976b-fde20709f652	91.052	580	19	25	620	1	620	68115	40454	41069	0.0
pUC_ori	be675bf2-2cd1-4024-976b-fde20709f652	90.895	579	17	31	620	1	619	68115	16124	16737	0.0
pUC_ori	be675bf2-2cd1-4024-976b-fde20709f652	90.779	571	27	22	620	1	620	68115	45824	45218	0.0
pUC_ori	be675bf2-2cd1-4024-976b-fde20709f652	87.261	548	31	39	620	1	620	68115	22884	23470	0.0
pUC_ori	be675bf2-2cd1-4024-976b-fde20709f652	84.844	543	34	42	620	1	620	68115	49927	50523	7.67e-165
pUC_ori	be675bf2-2cd1-4024-976b-fde20709f652	90.419	302	9	11	620	1	331	68115	314	1	2.96e-114
pUC_ori	be675bf2-2cd1-4024-976b-fde20709f652	94.737	162	1	4	620	1	168	68115	31256	31091	1.90e-66
pUC_ori	6ddf28aa-da6c-4943-81cd-923731c11a38	95.223	598	12	13	620	1	620	36935	11565	12182	0.0
pUC_ori	6ddf28aa-da6c-4943-81cd-923731c11a38	95.617	589	14	11	620	1	612	36935	34568	33962	0.0
pUC_ori	6ddf28aa-da6c-4943-81cd-923731c11a38	93.569	582	21	14	620	1	620	36935	560	1164	0.0
pUC_ori	6ddf28aa-da6c-4943-81cd-923731c11a38	86.023	517	29	39	620	38	620	36935	6718	6155	4.58e-167
pUC_ori	6ddf28aa-da6c-4943-81cd-923731c11a38	94.545	156	6	3	620	456	620	36935	9624	9463	3.18e-64
pUC_ori	6ddf28aa-da6c-4943-81cd-923731c11a38	76.325	461	47	53	620	1	588	36935	27807	27284	3.20e-59
pUC_ori	6ddf28aa-da6c-4943-81cd-923731c11a38	89.143	156	5	8	620	1	168	36935	19969	19802	2.51e-50
pUC_ori	e65e6308-03d6-47ad-a1d3-f788b0e19115	95.520	597	5	11	620	1	620	16928	14171	13565	0.0
pUC_ori	e65e6308-03d6-47ad-a1d3-f788b0e19115	94.071	587	13	18	620	1	620	16928	8134	7531	0.0
pUC_ori	e65e6308-03d6-47ad-a1d3-f788b0e19115	92.393	583	22	17	620	1	620	16928	815	200	0.0
pUC_ori	e65e6308-03d6-47ad-a1d3-f788b0e19115	92.628	578	22	16	620	1	620	16928	4784	4181	0.0
pUC_ori	4b5aa7d1-0148-4b98-ad9c-be9dc586df0c	95.390	600	4	13	620	1	620	21185	11614	11002	0.0
pUC_ori	4b5aa7d1-0148-4b98-ad9c-be9dc586df0c	88.000	550	31	31	620	1	611	21185	17651	17057	0.0
pUC_ori	4b5aa7d1-0148-4b98-ad9c-be9dc586df0c	95.059	404	6	11	620	202	620	21185	7672	8087	0.0
pUC_ori	1b83ae44-1421-4c79-ad86-108d98dae477	95.087	600	12	17	620	1	620	16928	7033	7655	0.0
pUC_ori	1b83ae44-1421-4c79-ad86-108d98dae477	92.197	579	15	20	620	1	620	16928	16385	15784	0.0
pUC_ori	40b5d2f4-03aa-47ab-b15d-82df5b2b923a	95.506	595	6	17	620	1	620	2821	2233	1630	0.0
pUC_ori	5d3962e8-ee6c-4264-b0e3-5e6b2922f8f7	95.208	596	14	15	620	1	620	57197	17119	17734	0.0
pUC_ori	5d3962e8-ee6c-4264-b0e3-5e6b2922f8f7	92.809	555	15	24	620	34	620	57197	38112	38692	0.0
pUC_ori	5d3962e8-ee6c-4264-b0e3-5e6b2922f8f7	91.574	576	24	20	620	2	620	57197	44053	44662	0.0
pUC_ori	5d3962e8-ee6c-4264-b0e3-5e6b2922f8f7	85.179	523	35	37	620	21	620	57197	48162	47591	1.28e-162
pUC_ori	5d3962e8-ee6c-4264-b0e3-5e6b2922f8f7	84.653	524	35	48	620	21	620	57197	50782	50205	1.29e-157
pUC_ori	5d3962e8-ee6c-4264-b0e3-5e6b2922f8f7	83.677	528	53	38	620	1	620	57197	23045	23636	1.01e-153
pUC_ori	5d3962e8-ee6c-4264-b0e3-5e6b2922f8f7	83.413	523	38	45	620	1	620	57197	3435	4002	2.19e-145
pUC_ori	5d3962e8-ee6c-4264-b0e3-5e6b2922f8f7	87.136	359	28	19	620	215	620	57197	26942	26550	4.88e-122
pUC_ori	a5bc75f0-7e19-4b0e-82f9-f5a7624a6bfd	95.223	598	7	17	620	1	620	43961	36282	36894	0.0
pUC_ori	a5bc75f0-7e19-4b0e-82f9-f5a7624a6bfd	94.872	592	13	15	620	1	620	43961	24261	24869	0.0
pUC_ori	a5bc75f0-7e19-4b0e-82f9-f5a7624a6bfd	93.492	589	16	22	620	1	620	43961	14961	14347	0.0
pUC_ori	a5bc75f0-7e19-4b0e-82f9-f5a7624a6bfd	93.548	580	18	18	620	6	620	43961	5597	4995	0.0
pUC_ori	a5bc75f0-7e19-4b0e-82f9-f5a7624a6bfd	92.800	580	17	23	620	1	620	43961	33554	34155	0.0
pUC_ori	a5bc75f0-7e19-4b0e-82f9-f5a7624a6bfd	92.344	579	25	19	620	1	620	43961	18221	18831	0.0
pUC_ori	a5bc75f0-7e19-4b0e-82f9-f5a7624a6bfd	92.197	579	19	20	620	2	620	43961	40470	39864	0.0
pUC_ori	a5bc75f0-7e19-4b0e-82f9-f5a7624a6bfd	91.961	572	22	19	620	1	611	43961	1677	1073	0.0
pUC_ori	a5bc75f0-7e19-4b0e-82f9-f5a7624a6bfd	91.814	572	20	18	620	1	620	43961	8924	8330	0.0
pUC_ori	771255f5-9029-4ddf-b1be-3814369336cb	95.491	593	6	16	620	2	620	71997	17453	18053	0.0
pUC_ori	771255f5-9029-4ddf-b1be-3814369336cb	94.382	588	10	14	620	1	620	71997	3653	4253	0.0
pUC_ori	771255f5-9029-4ddf-b1be-3814369336cb	92.610	589	18	22	620	1	620	71997	38662	39284	0.0
pUC_ori	771255f5-9029-4ddf-b1be-3814369336cb	92.575	586	16	20	620	1	620	71997	60429	59815	0.0
pUC_ori	771255f5-9029-4ddf-b1be-3814369336cb	91.896	567	22	23	620	3	611	71997	23487	24083	0.0
pUC_ori	771255f5-9029-4ddf-b1be-3814369336cb	91.640	570	15	22	620	6	620	71997	66488	65897	0.0
pUC_ori	771255f5-9029-4ddf-b1be-3814369336cb	88.517	555	30	32	620	1	620	71997	44700	45291	0.0
pUC_ori	771255f5-9029-4ddf-b1be-3814369336cb	83.070	525	43	48	620	1	620	71997	51229	50650	1.02e-143
pUC_ori	771255f5-9029-4ddf-b1be-3814369336cb	79.751	256	30	24	620	252	550	71997	27310	27003	1.17e-48
pUC_ori	771255f5-9029-4ddf-b1be-3814369336cb	81.496	207	22	20	620	375	620	71997	70007	70243	3.27e-44
pUC_ori	fa5e6788-60f2-4349-a6ec-39eed0b41fa5	95.353	595	7	15	620	1	620	17867	7723	8328	0.0
pUC_ori	fa5e6788-60f2-4349-a6ec-39eed0b41fa5	94.770	598	11	17	620	1	620	17867	1632	2251	0.0
pUC_ori	fa5e6788-60f2-4349-a6ec-39eed0b41fa5	77.320	450	55	55	620	53	620	17867	16281	15763	2.44e-70
pUC_ori	fa5e6788-60f2-4349-a6ec-39eed0b41fa5	78.619	353	34	39	620	154	592	17867	10634	10238	6.88e-61
pUC_ori	82c198f9-3f84-480a-97b8-412096445ab4	95.353	595	5	20	620	1	615	14758	4109	3501	0.0
pUC_ori	82c198f9-3f84-480a-97b8-412096445ab4	95.032	593	8	15	620	1	620	14758	10187	9583	0.0
pUC_ori	82c198f9-3f84-480a-97b8-412096445ab4	84.520	546	35	43	620	1	620	14758	13392	13998	1.28e-162
pUC_ori	6800e27d-8ee1-4176-a367-962c5ef37e8b	95.185	593	12	12	620	1	620	13003	1526	2133	0.0
pUC_ori	6800e27d-8ee1-4176-a367-962c5ef37e8b	93.949	590	15	19	620	1	620	13003	7600	8212	0.0
pUC_ori	6800e27d-8ee1-4176-a367-962c5ef37e8b	91.270	575	16	27	620	1	620	13003	11748	11148	0.0
pUC_ori	80c57deb-26a3-449d-b7f9-2ab5649b22b3	95.072	598	8	17	620	1	620	54784	2301	2915	0.0
pUC_ori	80c57deb-26a3-449d-b7f9-2ab5649b22b3	95.455	588	12	13	620	6	620	54784	49224	48624	0.0
pUC_ori	80c57deb-26a3-449d-b7f9-2ab5649b22b3	95.000	589	10	14	620	4	620	54784	27141	26540	0.0
pUC_ori	80c57deb-26a3-449d-b7f9-2ab5649b22b3	93.861	581	13	15	620	7	620	54784	52521	51923	0.0
pUC_ori	80c57deb-26a3-449d-b7f9-2ab5649b22b3	92.185	578	22	18	620	1	620	54784	12443	13049	0.0
pUC_ori	80c57deb-26a3-449d-b7f9-2ab5649b22b3	91.866	576	25	21	620	1	620	54784	5652	6259	0.0
pUC_ori	80c57deb-26a3-449d-b7f9-2ab5649b22b3	87.500	532	37	31	620	24	620	54784	42507	41928	0.0
pUC_ori	80c57deb-26a3-449d-b7f9-2ab5649b22b3	94.118	160	2	6	620	1	168	54784	20791	20628	3.18e-64
pUC_ori	80c57deb-26a3-449d-b7f9-2ab5649b22b3	77.649	403	43	51	620	28	530	54784	27899	28360	4.11e-63
pUC_ori	6e56b20c-bfbf-4aaf-b115-5809e792b6b0	95.192	594	6	17	620	1	618	28943	25151	24546	0.0
pUC_ori	6e56b20c-bfbf-4aaf-b115-5809e792b6b0	95.024	592	13	11	620	1	620	28943	3691	4298	0.0
pUC_ori	6e56b20c-bfbf-4aaf-b115-5809e792b6b0	95.016	591	15	12	620	1	620	28943	18373	17766	0.0
pUC_ori	6e56b20c-bfbf-4aaf-b115-5809e792b6b0	93.502	590	4	22	620	1	620	28943	795	191	0.0
pUC_ori	6e56b20c-bfbf-4aaf-b115-5809e792b6b0	94.118	160	3	6	620	1	168	28943	10055	10219	3.18e-64
pUC_ori	e80e5585-180b-4185-8f0c-9c7db1385d34	95.040	594	12	15	620	1	620	7698	3355	3965	0.0
pUC_ori	e80e5585-180b-4185-8f0c-9c7db1385d34	94.516	586	19	13	620	8	620	7698	1	612	0.0
pUC_ori	e80e5585-180b-4185-8f0c-9c7db1385d34	92.478	209	8	6	620	391	613	7698	7698	7479	4.00e-83
pUC_ori	7ace19a2-765b-460b-bc87-62a2e8916dce	94.913	597	9	18	620	1	620	22550	19498	20112	0.0
pUC_ori	7ace19a2-765b-460b-bc87-62a2e8916dce	87.994	557	18	38	620	1	620	22550	925	338	0.0
pUC_ori	7ace19a2-765b-460b-bc87-62a2e8916dce	80.096	503	40	55	620	1	611	22550	5924	6483	2.32e-105
pUC_ori	9462edd4-5a3c-4e08-99b5-e269ccebd716	95.432	585	11	13	620	1	611	48968	2271	2868	0.0
pUC_ori	9462edd4-5a3c-4e08-99b5-e269ccebd716	95.032	593	6	13	620	1	620	48968	23238	22636	0.0
pUC_ori	9462edd4-5a3c-4e08-99b5-e269ccebd716	94.864	591	11	18	620	1	620	48968	32642	32038	0.0
pUC_ori	9462edd4-5a3c-4e08-99b5-e269ccebd716	94.703	590	9	18	620	3	620	48968	10267	10870	0.0
pUC_ori	9462edd4-5a3c-4e08-99b5-e269ccebd716	93.333	588	10	25	620	3	620	48968	19283	18674	0.0
pUC_ori	9462edd4-5a3c-4e08-99b5-e269ccebd716	93.175	587	14	21	620	1	620	48968	3869	4479	0.0
pUC_ori	9462edd4-5a3c-4e08-99b5-e269ccebd716	90.851	566	29	21	620	9	620	48968	26575	25970	0.0
pUC_ori	9462edd4-5a3c-4e08-99b5-e269ccebd716	91.611	546	19	19	620	1	590	48968	35890	36460	0.0
pUC_ori	9462edd4-5a3c-4e08-99b5-e269ccebd716	86.142	547	49	30	620	2	620	48968	15922	15311	0.0
pUC_ori	9462edd4-5a3c-4e08-99b5-e269ccebd716	85.570	255	20	16	620	326	611	48968	41571	41857	6.73e-76
pUC_ori	9342b8bf-7e14-4329-9baf-98c46c42c47f	94.762	597	11	16	620	1	620	104430	3119	2502	0.0
pUC_ori	9342b8bf-7e14-4329-9baf-98c46c42c47f	92.857	585	14	22	620	1	620	104430	1510	902	0.0
pUC_ori	2a7e0400-cb52-4437-b62c-bb681f27637f	94.888	594	11	17	620	1	620	38205	7131	6521	0.0
pUC_ori	0fd0479c-d806-483d-836b-715a6f0ca40e	94.864	591	12	16	620	1	620	21664	7538	8143	0.0
pUC_ori	0fd0479c-d806-483d-836b-715a6f0ca40e	93.959	591	14	14	620	1	620	21664	17492	16879	0.0
pUC_ori	0fd0479c-d806-483d-836b-715a6f0ca40e	93.720	582	12	18	620	1	611	21664	4800	5403	0.0
pUC_ori	6530a75e-2d04-49f9-a958-1a2d6bd852a8	94.569	592	17	14	620	1	620	3997	1858	1244	0.0
pUC_ori	7ea4894f-2a05-4783-9bf6-d8dbe390b2f5	94.720	592	12	19	620	1	620	45772	23100	22492	0.0
pUC_ori	7ea4894f-2a05-4783-9bf6-d8dbe390b2f5	94.364	586	11	19	620	1	611	45772	33975	34581	0.0
pUC_ori	7ea4894f-2a05-4783-9bf6-d8dbe390b2f5	94.463	580	12	17	620	13	620	45772	13574	12977	0.0
pUC_ori	7ea4894f-2a05-4783-9bf6-d8dbe390b2f5	93.239	593	21	17	620	1	620	45772	40761	41390	0.0
pUC_ori	7ea4894f-2a05-4783-9bf6-d8dbe390b2f5	93.600	585	18	18	620	1	620	45772	18078	17471	0.0
pUC_ori	7ea4894f-2a05-4783-9bf6-d8dbe390b2f5	93.559	581	21	15	620	3	620	45772	3491	2887	0.0
pUC_ori	7ea4894f-2a05-4783-9bf6-d8dbe390b2f5	93.366	577	16	15	620	1	611	45772	30617	31216	0.0
pUC_ori	7ea4894f-2a05-4783-9bf6-d8dbe390b2f5	92.880	574	18	16	620	1	611	45772	8578	9176	0.0
pUC_ori	3e244a2c-6a17-4086-a4e3-c62bbd00cd7a	94.737	594	6	15	620	1	620	36026	4259	4865	0.0
pUC_ori	3e244a2c-6a17-4086-a4e3-c62bbd00cd7a	92.417	195	7	9	620	414	620	36026	3218	3013	1.87e-76
pUC_ori	44fd9851-e353-4a19-9f55-fd30dcb819c6	94.304	596	13	21	620	1	620	46799	38346	38966	0.0
pUC_ori	44fd9851-e353-4a19-9f55-fd30dcb819c6	92.405	584	22	20	620	1	620	46799	28117	28734	0.0
pUC_ori	44fd9851-e353-4a19-9f55-fd30dcb819c6	91.356	539	25	18	620	29	611	46799	31524	32094	0.0
pUC_ori	44fd9851-e353-4a19-9f55-fd30dcb819c6	88.581	543	27	28	620	1	602	46799	20673	20093	0.0
pUC_ori	44fd9851-e353-4a19-9f55-fd30dcb819c6	87.420	549	24	42	620	9	620	46799	15579	14991	0.0
pUC_ori	44fd9851-e353-4a19-9f55-fd30dcb819c6	87.059	370	21	23	620	205	612	46799	7072	7479	1.05e-123
pUC_ori	8119f4fb-ddef-4629-b40b-bde21bc6248d	94.304	596	11	16	620	1	620	50341	13396	14014	0.0
pUC_ori	8119f4fb-ddef-4629-b40b-bde21bc6248d	92.823	582	16	21	620	1	620	50341	26314	25710	0.0
pUC_ori	8119f4fb-ddef-4629-b40b-bde21bc6248d	91.242	573	24	23	620	1	620	50341	19465	20069	0.0
pUC_ori	8119f4fb-ddef-4629-b40b-bde21bc6248d	91.172	568	18	21	620	1	620	50341	23621	23033	0.0
pUC_ori	8119f4fb-ddef-4629-b40b-bde21bc6248d	92.471	393	19	12	620	202	620	50341	2134	1717	1.27e-167
pUC_ori	8119f4fb-ddef-4629-b40b-bde21bc6248d	84.409	536	35	37	620	1	620	50341	43221	43806	9.99e-159
pUC_ori	8119f4fb-ddef-4629-b40b-bde21bc6248d	77.875	447	45	46	620	51	613	50341	47158	46656	4.05e-73
pUC_ori	7a23da46-ed8a-4d47-8f1f-5c30983a310f	94.222	587	21	14	620	1	620	31087	20819	21429	0.0
pUC_ori	7a23da46-ed8a-4d47-8f1f-5c30983a310f	93.610	586	12	17	620	1	620	31087	15222	15825	0.0
pUC_ori	7a23da46-ed8a-4d47-8f1f-5c30983a310f	91.824	584	27	18	620	1	620	31087	27593	28219	0.0
pUC_ori	7a23da46-ed8a-4d47-8f1f-5c30983a310f	92.063	580	21	23	620	1	620	31087	4326	3716	0.0
pUC_ori	7a23da46-ed8a-4d47-8f1f-5c30983a310f	92.147	575	22	20	620	5	620	31087	11878	12482	0.0
pUC_ori	7b5999f5-290f-4127-8bf2-ef83db896d23	94.382	588	12	12	620	1	620	10833	5608	5006	0.0
pUC_ori	6f2c1f8b-cc84-4d56-a122-bb38b7886beb	94.222	587	14	16	620	1	620	14950	902	1505	0.0
pUC_ori	6f2c1f8b-cc84-4d56-a122-bb38b7886beb	84.934	575	34	36	620	1	620	14950	6094	6759	5.84e-176
pUC_ori	6f2c1f8b-cc84-4d56-a122-bb38b7886beb	80.564	514	36	52	620	40	616	14950	10940	11550	4.95e-112
pUC_ori	9d5744c0-b2e3-4e9a-8945-937b23a181cd	93.661	591	18	19	620	1	620	40055	32888	33507	0.0
pUC_ori	9d5744c0-b2e3-4e9a-8945-937b23a181cd	92.393	583	21	18	620	1	620	40055	36218	36832	0.0
pUC_ori	9d5744c0-b2e3-4e9a-8945-937b23a181cd	92.332	578	27	17	620	1	620	40055	17667	18277	0.0
pUC_ori	9d5744c0-b2e3-4e9a-8945-937b23a181cd	91.456	578	19	24	620	1	620	40055	24203	23595	0.0
pUC_ori	9d5744c0-b2e3-4e9a-8945-937b23a181cd	91.925	444	19	15	620	1	478	40055	39588	40055	0.0
pUC_ori	9d5744c0-b2e3-4e9a-8945-937b23a181cd	84.286	531	43	37	620	6	612	40055	23012	22416	3.59e-158
pUC_ori	9d5744c0-b2e3-4e9a-8945-937b23a181cd	82.575	526	36	47	620	1	620	40055	14827	14249	1.72e-136
pUC_ori	9d5744c0-b2e3-4e9a-8945-937b23a181cd	81.164	474	41	53	620	1	563	40055	483	1018	2.30e-110
pUC_ori	9d5744c0-b2e3-4e9a-8945-937b23a181cd	92.715	140	3	4	620	21	168	40055	8648	8503	5.39e-52
pUC_ori	6c7a7b70-4be9-4e7f-8dbb-d9d78d636e29	93.780	588	10	23	620	1	620	25730	22286	22890	0.0
pUC_ori	6c7a7b70-4be9-4e7f-8dbb-d9d78d636e29	91.667	572	23	25	620	1	620	25730	12202	11604	0.0
pUC_ori	6c7a7b70-4be9-4e7f-8dbb-d9d78d636e29	90.461	569	31	22	620	1	620	25730	8840	8232	0.0
pUC_ori	6c7a7b70-4be9-4e7f-8dbb-d9d78d636e29	89.780	571	25	25	620	1	620	25730	1136	1747	0.0
pUC_ori	6c7a7b70-4be9-4e7f-8dbb-d9d78d636e29	88.310	559	27	27	620	1	620	25730	18222	17624	0.0
pUC_ori	6c7a7b70-4be9-4e7f-8dbb-d9d78d636e29	80.031	513	48	48	620	1	620	25730	21145	21726	2.98e-109
pUC_ori	6c7a7b70-4be9-4e7f-8dbb-d9d78d636e29	78.125	325	32	45	620	199	607	25730	5520	5157	1.94e-51
pUC_ori	2dc85a46-eb18-4920-8942-694b32c3b21c	93.365	591	15	19	620	1	620	16175	1663	1045	0.0
pUC_ori	05e6af22-7c7b-4f59-bb8d-9bee1ae9fd20	93.258	581	21	14	620	2	620	28951	16878	16273	0.0
pUC_ori	bfb55b2f-3e2e-43e2-9931-40fc4c0bf040	92.175	589	18	22	620	1	620	28909	4772	5397	0.0
pUC_ori	bfb55b2f-3e2e-43e2-9931-40fc4c0bf040	92.344	579	19	22	620	1	620	28909	8729	9333	0.0
pUC_ori	bfb55b2f-3e2e-43e2-9931-40fc4c0bf040	92.730	574	12	20	620	2	611	28909	1473	2067	0.0
pUC_ori	bfb55b2f-3e2e-43e2-9931-40fc4c0bf040	91.214	571	24	24	620	1	620	28909	12050	12650	0.0
pUC_ori	bfb55b2f-3e2e-43e2-9931-40fc4c0bf040	90.484	580	22	29	620	1	620	28909	24003	23381	0.0
pUC_ori	bfb55b2f-3e2e-43e2-9931-40fc4c0bf040	88.449	559	21	35	620	2	620	28909	25584	24992	0.0
pUC_ori	bfb55b2f-3e2e-43e2-9931-40fc4c0bf040	85.783	537	36	38	620	1	620	28909	17620	17042	3.52e-173
pUC_ori	9222f67e-b4d8-480c-908a-16b79deda5e9	92.320	577	19	21	620	1	620	38829	11847	12447	0.0
pUC_ori	9222f67e-b4d8-480c-908a-16b79deda5e9	93.686	549	13	20	620	1	575	38829	32818	33390	0.0
pUC_ori	9222f67e-b4d8-480c-908a-16b79deda5e9	90.112	565	26	22	620	1	620	38829	5868	6465	0.0
pUC_ori	9222f67e-b4d8-480c-908a-16b79deda5e9	85.535	544	41	40	620	1	620	38829	26740	27340	2.72e-174
pUC_ori	9222f67e-b4d8-480c-908a-16b79deda5e9	91.822	393	8	16	620	202	619	38829	15782	15372	2.15e-160
pUC_ori	9222f67e-b4d8-480c-908a-16b79deda5e9	81.208	242	24	24	620	334	620	38829	36633	36357	5.39e-52
pUC_ori	1f34e8db-d611-4414-9b6f-8d48c307a268	92.210	580	14	26	620	1	620	50865	28472	29074	0.0
pUC_ori	1f34e8db-d611-4414-9b6f-8d48c307a268	90.221	572	29	26	620	1	620	50865	2940	3554	0.0
pUC_ori	1f34e8db-d611-4414-9b6f-8d48c307a268	89.905	570	23	33	620	1	620	50865	41787	42393	0.0
pUC_ori	1f34e8db-d611-4414-9b6f-8d48c307a268	89.548	574	24	30	620	2	620	50865	25191	24572	0.0
pUC_ori	1f34e8db-d611-4414-9b6f-8d48c307a268	90.127	566	14	29	620	1	620	50865	34548	35135	0.0
pUC_ori	1f34e8db-d611-4414-9b6f-8d48c307a268	89.718	541	24	28	620	1	586	50865	45150	45731	0.0
pUC_ori	1f34e8db-d611-4414-9b6f-8d48c307a268	88.854	558	28	31	620	2	620	50865	9836	9242	0.0
pUC_ori	1f34e8db-d611-4414-9b6f-8d48c307a268	87.284	556	32	36	620	1	620	50865	19117	18513	0.0
pUC_ori	1f34e8db-d611-4414-9b6f-8d48c307a268	87.261	548	37	33	620	6	620	50865	7140	6543	0.0
pUC_ori	1f34e8db-d611-4414-9b6f-8d48c307a268	87.005	549	40	27	620	5	620	50865	50857	50254	0.0
pUC_ori	1f34e8db-d611-4414-9b6f-8d48c307a268	83.031	504	39	38	620	36	620	50865	37883	38447	1.72e-136
pUC_ori	03818b2d-c83d-43d2-939f-8588ec801f03	97.076	498	4	7	620	115	620	10412	1	509	0.0
pUC_ori	03818b2d-c83d-43d2-939f-8588ec801f03	95.879	442	9	10	620	9	466	10412	6028	6481	0.0
pUC_ori	17f65784-12c5-41cd-b25d-84648d4f57e9	91.680	584	18	28	620	1	620	12443	5649	6267	0.0
pUC_ori	17f65784-12c5-41cd-b25d-84648d4f57e9	87.220	546	41	29	620	3	620	12443	7258	7852	0.0
pUC_ori	17f65784-12c5-41cd-b25d-84648d4f57e9	98.810	166	0	2	620	453	620	12443	1	166	4.02e-78
pUC_ori	67c16c2d-9dfd-4ef4-affd-1cd4d228ae0d	91.026	568	19	21	620	1	620	9663	8170	8760	0.0
pUC_ori	67c16c2d-9dfd-4ef4-affd-1cd4d228ae0d	83.967	508	47	37	620	1	579	9663	3131	2551	2.82e-149
pUC_ori	e39336be-026b-4843-a90e-4eb1220d9d20	90.506	572	21	31	620	1	620	62342	23271	23875	0.0
pUC_ori	e39336be-026b-4843-a90e-4eb1220d9d20	89.683	565	29	20	620	1	620	62342	12898	12295	0.0
pUC_ori	e39336be-026b-4843-a90e-4eb1220d9d20	89.297	559	33	27	620	1	620	62342	42668	42071	0.0
pUC_ori	e39336be-026b-4843-a90e-4eb1220d9d20	89.013	559	23	33	620	1	620	62342	21687	22276	0.0
pUC_ori	e39336be-026b-4843-a90e-4eb1220d9d20	87.362	553	31	34	620	1	620	62342	37067	37663	0.0
pUC_ori	e39336be-026b-4843-a90e-4eb1220d9d20	88.055	516	21	33	620	36	611	62342	30779	31325	0.0
pUC_ori	e39336be-026b-4843-a90e-4eb1220d9d20	83.173	519	52	44	620	1	611	62342	29191	29774	2.19e-145
pUC_ori	90e71be2-ec98-4df0-b890-9ed6fbbce854	90.400	565	35	17	620	1	620	7263	4838	4234	0.0
pUC_ori	b8d1d862-48c3-4bcf-9f28-f309389562c3	90.125	575	28	23	620	3	620	6201	1784	1162	0.0
pUC_ori	52355bac-6340-46a7-a881-6ebfe3ad31b7	89.498	588	19	28	620	1	620	13908	6019	6662	0.0
pUC_ori	b8fcbd39-bc38-4f2c-a334-c511b009f445	89.515	572	32	26	620	1	620	20664	16345	16967	0.0
pUC_ori	b8fcbd39-bc38-4f2c-a334-c511b009f445	90.538	421	18	19	620	1	458	20664	5108	5553	1.65e-166
pUC_ori	b8fcbd39-bc38-4f2c-a334-c511b009f445	82.743	537	49	45	620	1	620	20664	10259	10873	7.89e-145
pUC_ori	724fceed-9171-4acc-9eb0-307fd5def317	89.871	559	18	33	620	14	620	14798	7564	6973	0.0
pUC_ori	7b225e62-af07-45b9-8fbd-1bbb473b293d	95.579	454	5	10	620	1	466	2554	468	1	0.0
pUC_ori	85a4b696-cccb-4d46-8a49-942153f164a7	89.189	561	22	33	620	1	615	21092	7050	6454	0.0
pUC_ori	85a4b696-cccb-4d46-8a49-942153f164a7	88.591	528	35	27	620	35	620	21092	2943	3515	0.0
pUC_ori	85a4b696-cccb-4d46-8a49-942153f164a7	84.174	484	38	37	620	11	567	21092	13042	12503	1.71e-141
pUC_ori	85a4b696-cccb-4d46-8a49-942153f164a7	82.418	525	57	44	620	1	620	21092	244	842	2.21e-140
pUC_ori	5331fea0-0eed-48df-8087-55ac71d20e1e	91.912	500	13	22	620	78	615	8955	3	521	0.0
pUC_ori	a767394f-cf93-4332-b26b-fd6ca8a11708	87.950	562	27	33	620	1	620	13788	11698	12305	0.0
pUC_ori	fffa3417-c7b9-4f29-8aae-94908e850f86	87.500	560	34	34	620	1	620	26661	20974	20361	0.0
pUC_ori	fffa3417-c7b9-4f29-8aae-94908e850f86	86.699	541	37	39	620	1	615	26661	4850	5436	0.0
pUC_ori	fffa3417-c7b9-4f29-8aae-94908e850f86	87.500	511	40	27	620	3	577	26661	10370	9811	0.0
pUC_ori	fffa3417-c7b9-4f29-8aae-94908e850f86	84.867	544	33	38	620	1	619	26661	17639	17041	2.13e-165
pUC_ori	fffa3417-c7b9-4f29-8aae-94908e850f86	83.987	535	47	43	620	1	611	26661	13708	13101	4.65e-157
pUC_ori	fffa3417-c7b9-4f29-8aae-94908e850f86	89.943	313	19	13	620	284	620	26661	26643	26301	2.94e-119
pUC_ori	670349d6-e9e1-4cc6-94ca-960321f3bd51	88.599	544	16	36	620	20	620	5031	1565	993	0.0
pUC_ori	670349d6-e9e1-4cc6-94ca-960321f3bd51	88.081	436	21	26	620	141	620	5031	2732	3203	7.78e-155
pUC_ori	8202a07f-f6f4-4de3-b2d4-ca86ab94fc6a	88.667	532	25	31	620	31	614	18494	14780	14208	0.0
pUC_ori	8202a07f-f6f4-4de3-b2d4-ca86ab94fc6a	88.128	193	8	11	620	410	620	18494	15820	16028	5.32e-62
pUC_ori	24f4ec95-85a7-4741-b561-45342338e1b0	87.739	551	24	41	620	3	620	29426	18670	19254	0.0
pUC_ori	24f4ec95-85a7-4741-b561-45342338e1b0	83.524	512	26	52	620	35	615	29426	27534	26965	7.94e-140
pUC_ori	c64c4f23-8e33-44cd-ace4-750c031a9d04	87.340	545	35	29	620	1	611	8190	5029	5621	0.0
pUC_ori	edeedf3f-1d41-40a0-8f9a-21a0add684c9	94.076	397	14	8	620	202	620	7098	566	153	3.49e-178
pUC_ori	2df96c35-783d-485f-a901-a75043fa7655	92.494	419	12	14	620	173	620	6900	6886	6451	1.26e-177
pUC_ori	d13d6125-819d-448f-b70e-bd3b4ef6a936	84.301	537	52	41	620	1	620	12599	11415	10810	1.28e-162
pUC_ori	1a1a59a1-500e-466a-96d6-42a8ae40e156	83.254	527	47	38	620	2	615	11537	9622	9030	4.71e-147
pUC_ori	1a1a59a1-500e-466a-96d6-42a8ae40e156	78.064	516	54	65	620	1	611	11537	496	1115	1.10e-88
pUC_ori	52acc87d-00d9-49d2-ba8a-c0025ea5d3fb	94.524	328	4	9	620	1	339	5911	340	1	2.19e-145
pUC_ori	c722696e-8f29-4051-964f-384277254b35	80.656	492	50	50	620	34	620	72604	14918	15482	4.95e-112
pUC_ori	c722696e-8f29-4051-964f-384277254b35	83.682	400	27	38	620	3	465	72604	9931	10372	8.29e-110
pUC_ori	c722696e-8f29-4051-964f-384277254b35	78.253	457	54	53	620	62	620	72604	2265	2800	6.69e-81
pUC_ori	c722696e-8f29-4051-964f-384277254b35	76.384	469	71	51	620	36	620	72604	58075	57507	1.47e-67
pUC_ori	c722696e-8f29-4051-964f-384277254b35	76.015	393	47	51	620	1	497	72604	20828	21287	1.51e-47
pUC_ori	c722696e-8f29-4051-964f-384277254b35	80.788	164	20	14	620	293	484	72604	29400	29206	7.18e-31
pUC_ori	c8c840dc-2bc5-4fad-8c0a-d5c10195096b	81.154	422	34	45	620	93	600	4904	4214	4681	1.82e-96
pUC_ori	dee7ad14-e277-47d5-be5e-d20942dfbd8e	82.793	332	29	31	620	235	620	2253	1	376	2.39e-85
pUC_ori	351d1c7f-bcb2-477a-8d61-ee2131000b01	88.716	228	7	16	620	1	252	3076	240	1	5.21e-77
pUC_ori	5fd6b5fe-264c-421a-868c-8f3ac792510c	92.899	157	4	4	620	3	169	2888	163	1	2.47e-60
pUC_ori	7a7dad28-fbb1-46c9-96e1-af22953d7108	89.947	170	8	9	620	436	620	1889	1131	950	1.15e-58
pUC_ori	3d0a5b6d-d0cb-43a0-ab89-520f01ac31ca	97.248	106	0	2	620	1	109	7519	3930	4035	4.23e-43
pUC_ori	b7020a24-6da2-4b7e-9ac2-6caf91a42daa	93.458	100	3	4	620	433	538	5620	426	529	2.56e-35
