AcGFP1	db4b5fdc-0ea9-447b-84a1-12d0a7ac23ab	99.584	719	1	2	720	1	720	59115	21205	20484	0.0
AcGFP1	db4b5fdc-0ea9-447b-84a1-12d0a7ac23ab	98.212	714	3	5	720	1	720	59115	11165	10442	0.0
AcGFP1	db4b5fdc-0ea9-447b-84a1-12d0a7ac23ab	98.340	711	2	8	720	1	720	59115	56964	56249	0.0
AcGFP1	db4b5fdc-0ea9-447b-84a1-12d0a7ac23ab	98.199	709	4	5	720	1	720	59115	46425	47139	0.0
AcGFP1	db4b5fdc-0ea9-447b-84a1-12d0a7ac23ab	97.514	706	8	8	720	4	720	59115	25746	25026	0.0
AcGFP1	db4b5fdc-0ea9-447b-84a1-12d0a7ac23ab	96.438	704	9	9	720	1	720	59115	30792	30070	0.0
AcGFP1	db4b5fdc-0ea9-447b-84a1-12d0a7ac23ab	96.680	699	7	11	720	1	720	59115	39599	40307	0.0
AcGFP1	db4b5fdc-0ea9-447b-84a1-12d0a7ac23ab	96.291	701	11	11	720	1	720	59115	36238	36957	0.0
AcGFP1	db4b5fdc-0ea9-447b-84a1-12d0a7ac23ab	98.543	541	2	5	720	1	549	59115	55190	55732	0.0
AcGFP1	db4b5fdc-0ea9-447b-84a1-12d0a7ac23ab	82.436	582	54	53	720	40	720	59115	14158	14818	9.10e-155
AcGFP1	fb4027a4-c31c-4e5c-97e8-988e13ddcb7c	99.583	717	2	1	720	1	720	34355	34230	33512	0.0
AcGFP1	fb4027a4-c31c-4e5c-97e8-988e13ddcb7c	99.029	714	1	5	720	1	720	34355	23986	24701	0.0
AcGFP1	fb4027a4-c31c-4e5c-97e8-988e13ddcb7c	98.619	714	5	4	720	1	720	34355	13576	12854	0.0
AcGFP1	fb4027a4-c31c-4e5c-97e8-988e13ddcb7c	98.204	711	2	9	720	1	720	34355	20620	21336	0.0
AcGFP1	fb4027a4-c31c-4e5c-97e8-988e13ddcb7c	97.922	707	4	4	720	1	720	34355	27348	28060	0.0
AcGFP1	fb4027a4-c31c-4e5c-97e8-988e13ddcb7c	96.542	698	5	13	720	1	720	34355	14518	15223	0.0
AcGFP1	fb4027a4-c31c-4e5c-97e8-988e13ddcb7c	95.492	699	14	14	720	1	720	34355	4096	3372	0.0
AcGFP1	3f45d9df-7978-490a-9618-46158c0fd1ec	99.169	716	2	4	720	1	720	30296	719	1438	0.0
AcGFP1	3f45d9df-7978-490a-9618-46158c0fd1ec	98.487	716	3	4	720	1	720	30296	20043	19318	0.0
AcGFP1	3f45d9df-7978-490a-9618-46158c0fd1ec	98.349	715	3	6	720	1	720	30296	24048	23324	0.0
AcGFP1	3f45d9df-7978-490a-9618-46158c0fd1ec	99.424	691	1	3	720	28	720	30296	8816	9509	0.0
AcGFP1	3f45d9df-7978-490a-9618-46158c0fd1ec	98.072	712	8	5	720	1	720	30296	27428	26703	0.0
AcGFP1	3f45d9df-7978-490a-9618-46158c0fd1ec	97.510	705	10	6	720	1	720	30296	16648	15931	0.0
AcGFP1	3f45d9df-7978-490a-9618-46158c0fd1ec	97.927	378	3	4	720	1	385	30296	8441	8822	0.0
AcGFP1	176c66c4-dc11-40b8-87d5-db55b6da9cf7	99.030	715	3	4	720	1	720	52334	36301	37020	0.0
AcGFP1	176c66c4-dc11-40b8-87d5-db55b6da9cf7	98.476	711	6	3	720	1	720	52334	20402	21120	0.0
AcGFP1	176c66c4-dc11-40b8-87d5-db55b6da9cf7	98.207	712	4	6	720	1	720	52334	29892	30612	0.0
AcGFP1	176c66c4-dc11-40b8-87d5-db55b6da9cf7	97.922	707	11	4	720	1	720	52334	13374	12655	0.0
AcGFP1	176c66c4-dc11-40b8-87d5-db55b6da9cf7	96.949	699	11	9	720	1	719	52334	46815	46104	0.0
AcGFP1	176c66c4-dc11-40b8-87d5-db55b6da9cf7	96.149	699	15	6	720	1	720	52334	19476	18756	0.0
AcGFP1	176c66c4-dc11-40b8-87d5-db55b6da9cf7	95.616	698	14	11	720	1	720	52334	10043	9322	0.0
AcGFP1	176c66c4-dc11-40b8-87d5-db55b6da9cf7	94.421	677	22	14	720	1	708	52334	8	715	0.0
AcGFP1	176c66c4-dc11-40b8-87d5-db55b6da9cf7	97.826	540	4	6	720	1	549	52334	38086	37540	0.0
AcGFP1	4c686fb5-6b68-4669-9e42-cfc6558c68a1	99.030	715	4	2	720	1	720	60718	6606	5886	0.0
AcGFP1	4c686fb5-6b68-4669-9e42-cfc6558c68a1	97.799	711	5	9	720	1	720	60718	24742	24020	0.0
AcGFP1	4c686fb5-6b68-4669-9e42-cfc6558c68a1	97.534	712	5	6	720	1	720	60718	57578	56852	0.0
AcGFP1	4c686fb5-6b68-4669-9e42-cfc6558c68a1	97.714	684	5	9	720	28	720	60718	49500	48805	0.0
AcGFP1	4c686fb5-6b68-4669-9e42-cfc6558c68a1	96.671	697	5	15	720	1	720	60718	34420	35122	0.0
AcGFP1	4c686fb5-6b68-4669-9e42-cfc6558c68a1	96.542	698	6	12	720	1	717	60718	18652	17943	0.0
AcGFP1	4c686fb5-6b68-4669-9e42-cfc6558c68a1	96.276	698	14	12	720	1	720	60718	38361	39077	0.0
AcGFP1	4c686fb5-6b68-4669-9e42-cfc6558c68a1	96.138	697	14	9	720	1	720	60718	9345	8630	0.0
AcGFP1	4c686fb5-6b68-4669-9e42-cfc6558c68a1	95.397	684	13	14	720	1	705	60718	234	942	0.0
AcGFP1	4c686fb5-6b68-4669-9e42-cfc6558c68a1	94.376	688	16	17	720	2	720	60718	41732	42445	0.0
AcGFP1	4c686fb5-6b68-4669-9e42-cfc6558c68a1	96.931	379	4	4	720	1	388	60718	49876	49491	0.0
AcGFP1	48e76ccc-6938-41e4-af21-20d1af7e708f	99.028	713	5	2	720	1	720	35544	19785	19068	0.0
AcGFP1	48e76ccc-6938-41e4-af21-20d1af7e708f	98.580	694	2	6	720	1	703	35544	471	1167	0.0
AcGFP1	48e76ccc-6938-41e4-af21-20d1af7e708f	96.433	703	6	13	720	1	720	35544	10372	9655	0.0
AcGFP1	48e76ccc-6938-41e4-af21-20d1af7e708f	96.419	700	9	13	720	1	720	35544	29918	30632	0.0
AcGFP1	48e76ccc-6938-41e4-af21-20d1af7e708f	96.774	690	5	9	720	1	704	35544	13723	13020	0.0
AcGFP1	c27f1ab1-c564-4bf6-b9f4-4120e063c288	98.897	717	2	4	720	1	720	54060	34325	33602	0.0
AcGFP1	c27f1ab1-c564-4bf6-b9f4-4120e063c288	98.476	711	7	4	720	1	720	54060	44842	45561	0.0
AcGFP1	c27f1ab1-c564-4bf6-b9f4-4120e063c288	97.275	714	0	10	720	1	720	54060	39404	38677	0.0
AcGFP1	c27f1ab1-c564-4bf6-b9f4-4120e063c288	97.241	705	10	7	720	1	720	54060	48207	48926	0.0
AcGFP1	c27f1ab1-c564-4bf6-b9f4-4120e063c288	97.368	703	7	8	720	1	720	54060	19968	19257	0.0
AcGFP1	c27f1ab1-c564-4bf6-b9f4-4120e063c288	97.238	704	9	8	720	1	720	54060	29771	29055	0.0
AcGFP1	c27f1ab1-c564-4bf6-b9f4-4120e063c288	97.226	701	4	8	720	1	711	54060	6254	5540	0.0
AcGFP1	c27f1ab1-c564-4bf6-b9f4-4120e063c288	98.667	222	0	3	720	1	224	54060	53827	54049	1.62e-107
AcGFP1	c27f1ab1-c564-4bf6-b9f4-4120e063c288	97.902	140	0	2	720	1	140	54060	147	5	6.22e-62
AcGFP1	6537d7ab-d33f-41e0-80fd-fe9f93f95200	99.029	714	1	4	720	1	720	25333	20020	19305	0.0
AcGFP1	6537d7ab-d33f-41e0-80fd-fe9f93f95200	97.091	701	13	6	720	1	720	25333	10686	9971	0.0
AcGFP1	6537d7ab-d33f-41e0-80fd-fe9f93f95200	96.828	702	12	8	720	1	720	25333	458	1176	0.0
AcGFP1	6537d7ab-d33f-41e0-80fd-fe9f93f95200	96.399	696	10	8	720	1	717	25333	7339	6629	0.0
AcGFP1	6537d7ab-d33f-41e0-80fd-fe9f93f95200	96.159	701	7	15	720	1	720	25333	13941	13225	0.0
AcGFP1	6537d7ab-d33f-41e0-80fd-fe9f93f95200	79.455	437	30	49	720	32	573	25333	20913	21387	1.68e-82
AcGFP1	5f9b63a0-b29c-46fe-9849-e321d27c2499	98.893	715	2	3	720	1	719	75108	39230	38510	0.0
AcGFP1	5f9b63a0-b29c-46fe-9849-e321d27c2499	98.892	714	2	6	720	1	720	75108	13095	12378	0.0
AcGFP1	5f9b63a0-b29c-46fe-9849-e321d27c2499	98.621	715	4	6	720	1	720	75108	45495	44772	0.0
AcGFP1	5f9b63a0-b29c-46fe-9849-e321d27c2499	98.609	709	6	3	720	1	717	75108	54912	54196	0.0
AcGFP1	5f9b63a0-b29c-46fe-9849-e321d27c2499	98.479	712	3	6	720	1	720	75108	68299	69016	0.0
AcGFP1	5f9b63a0-b29c-46fe-9849-e321d27c2499	98.343	712	6	4	720	1	720	75108	8054	7333	0.0
AcGFP1	5f9b63a0-b29c-46fe-9849-e321d27c2499	98.474	710	1	6	720	1	720	75108	3497	2786	0.0
AcGFP1	5f9b63a0-b29c-46fe-9849-e321d27c2499	97.503	703	7	10	720	1	720	75108	21885	22595	0.0
AcGFP1	5f9b63a0-b29c-46fe-9849-e321d27c2499	96.832	703	10	11	720	1	720	75108	61599	62317	0.0
AcGFP1	5f9b63a0-b29c-46fe-9849-e321d27c2499	96.828	702	6	12	720	1	720	75108	28731	29443	0.0
AcGFP1	5f9b63a0-b29c-46fe-9849-e321d27c2499	95.310	691	11	16	720	1	720	75108	64946	65652	0.0
AcGFP1	5f9b63a0-b29c-46fe-9849-e321d27c2499	94.737	522	13	14	720	1	549	75108	37455	37991	0.0
AcGFP1	5f9b63a0-b29c-46fe-9849-e321d27c2499	96.008	457	9	8	720	234	705	75108	18757	19226	0.0
AcGFP1	5f9b63a0-b29c-46fe-9849-e321d27c2499	86.696	593	41	35	720	37	710	75108	75066	74423	0.0
AcGFP1	5f9b63a0-b29c-46fe-9849-e321d27c2499	83.792	274	24	14	720	395	720	75108	56078	56376	1.32e-73
AcGFP1	7ace19a2-765b-460b-bc87-62a2e8916dce	98.755	714	5	3	720	1	720	22550	1996	1275	0.0
AcGFP1	7ace19a2-765b-460b-bc87-62a2e8916dce	94.635	688	11	20	720	1	720	22550	18439	19144	0.0
AcGFP1	343980cd-0dd6-42ca-bdc7-bbb1280dc189	98.750	711	7	2	720	1	720	38618	2193	2910	0.0
AcGFP1	343980cd-0dd6-42ca-bdc7-bbb1280dc189	98.340	711	5	6	720	1	720	38618	23545	24263	0.0
AcGFP1	343980cd-0dd6-42ca-bdc7-bbb1280dc189	96.443	705	7	13	720	1	720	38618	17439	18161	0.0
AcGFP1	343980cd-0dd6-42ca-bdc7-bbb1280dc189	96.149	699	8	10	720	1	720	38618	32515	31802	0.0
AcGFP1	343980cd-0dd6-42ca-bdc7-bbb1280dc189	84.288	633	41	51	720	1	707	38618	29811	29094	0.0
AcGFP1	10ead8ba-fb29-4904-acf2-2267f197d31a	98.621	715	5	4	720	1	720	45456	15880	15156	0.0
AcGFP1	10ead8ba-fb29-4904-acf2-2267f197d31a	97.234	703	10	7	720	1	720	45456	35449	36164	0.0
AcGFP1	10ead8ba-fb29-4904-acf2-2267f197d31a	96.424	701	10	12	720	1	720	45456	38800	39517	0.0
AcGFP1	10ead8ba-fb29-4904-acf2-2267f197d31a	96.281	699	8	17	720	1	720	45456	32093	32805	0.0
AcGFP1	10ead8ba-fb29-4904-acf2-2267f197d31a	94.890	687	18	15	720	1	717	45456	25365	24654	0.0
AcGFP1	10ead8ba-fb29-4904-acf2-2267f197d31a	93.179	683	24	20	720	1	720	45456	12507	11788	0.0
AcGFP1	10ead8ba-fb29-4904-acf2-2267f197d31a	78.228	309	33	34	720	217	597	45456	45207	44852	1.06e-49
AcGFP1	a28e27ef-8fe7-41e7-b7af-f8dac36304b0	98.755	714	2	5	720	1	720	41592	34509	35227	0.0
AcGFP1	a28e27ef-8fe7-41e7-b7af-f8dac36304b0	97.372	704	9	8	720	1	720	41592	21542	20827	0.0
AcGFP1	a28e27ef-8fe7-41e7-b7af-f8dac36304b0	96.133	696	17	8	720	1	720	41592	13891	13175	0.0
AcGFP1	a28e27ef-8fe7-41e7-b7af-f8dac36304b0	97.139	679	6	8	720	28	720	41592	5865	5175	0.0
AcGFP1	a28e27ef-8fe7-41e7-b7af-f8dac36304b0	97.187	380	6	5	720	1	388	41592	6244	5856	0.0
AcGFP1	a504fc47-99f8-41ff-abf5-2bd31f82fbbe	98.617	713	6	3	720	1	720	70138	14256	13535	0.0
AcGFP1	a504fc47-99f8-41ff-abf5-2bd31f82fbbe	96.819	700	11	8	720	1	720	70138	6590	5877	0.0
AcGFP1	a504fc47-99f8-41ff-abf5-2bd31f82fbbe	96.404	697	18	7	720	1	720	70138	27282	27999	0.0
AcGFP1	e65e6308-03d6-47ad-a1d3-f788b0e19115	98.617	713	5	4	720	1	720	16928	15238	14518	0.0
AcGFP1	e65e6308-03d6-47ad-a1d3-f788b0e19115	98.476	711	3	6	720	1	720	16928	9202	8487	0.0
AcGFP1	e65e6308-03d6-47ad-a1d3-f788b0e19115	95.232	699	11	17	720	1	720	16928	1890	1167	0.0
AcGFP1	e65e6308-03d6-47ad-a1d3-f788b0e19115	95.159	688	13	15	720	1	720	16928	5839	5136	0.0
AcGFP1	1f3d2493-2d5b-4ceb-a3a1-0c9f74674d8e	98.617	713	5	4	720	1	720	49914	36152	36872	0.0
AcGFP1	1f3d2493-2d5b-4ceb-a3a1-0c9f74674d8e	96.690	701	8	12	720	1	720	49914	29782	30495	0.0
AcGFP1	1f3d2493-2d5b-4ceb-a3a1-0c9f74674d8e	96.556	701	13	10	720	1	720	49914	46630	45911	0.0
AcGFP1	1f3d2493-2d5b-4ceb-a3a1-0c9f74674d8e	96.291	701	12	10	720	1	720	49914	108	828	0.0
AcGFP1	1f3d2493-2d5b-4ceb-a3a1-0c9f74674d8e	96.364	689	10	9	720	12	720	49914	19730	19026	0.0
AcGFP1	1f3d2493-2d5b-4ceb-a3a1-0c9f74674d8e	94.759	687	21	15	720	1	717	49914	10312	9597	0.0
AcGFP1	1f3d2493-2d5b-4ceb-a3a1-0c9f74674d8e	87.945	642	40	36	720	19	720	49914	13652	12943	0.0
AcGFP1	1f3d2493-2d5b-4ceb-a3a1-0c9f74674d8e	86.029	468	44	20	720	12	549	49914	37909	37392	2.53e-155
AcGFP1	1f3d2493-2d5b-4ceb-a3a1-0c9f74674d8e	80.161	598	67	57	720	13	717	49914	6916	6211	1.21e-133
AcGFP1	1f3d2493-2d5b-4ceb-a3a1-0c9f74674d8e	79.042	264	33	28	720	369	699	49914	20863	21162	6.35e-47
AcGFP1	4820bb43-4af0-435b-8ac8-74ccdecd8de2	98.881	707	6	2	720	6	720	63391	19644	18932	0.0
AcGFP1	4820bb43-4af0-435b-8ac8-74ccdecd8de2	98.476	711	4	6	720	1	720	63391	10230	9514	0.0
AcGFP1	4820bb43-4af0-435b-8ac8-74ccdecd8de2	98.066	710	6	6	720	1	720	63391	13590	12871	0.0
AcGFP1	4820bb43-4af0-435b-8ac8-74ccdecd8de2	97.925	708	7	7	720	4	720	63391	6887	6167	0.0
AcGFP1	4820bb43-4af0-435b-8ac8-74ccdecd8de2	97.376	705	10	7	720	1	720	63391	63311	62593	0.0
AcGFP1	4820bb43-4af0-435b-8ac8-74ccdecd8de2	97.238	704	6	9	720	1	720	63391	43218	42505	0.0
AcGFP1	4820bb43-4af0-435b-8ac8-74ccdecd8de2	96.276	698	9	16	720	1	720	63391	49846	50557	0.0
AcGFP1	4820bb43-4af0-435b-8ac8-74ccdecd8de2	95.983	693	8	10	720	1	720	63391	29802	30504	0.0
AcGFP1	4820bb43-4af0-435b-8ac8-74ccdecd8de2	94.959	697	9	15	720	1	720	63391	33818	33099	0.0
AcGFP1	4820bb43-4af0-435b-8ac8-74ccdecd8de2	94.759	687	13	17	720	1	720	63391	69	773	0.0
AcGFP1	4820bb43-4af0-435b-8ac8-74ccdecd8de2	94.167	678	12	25	720	1	716	63391	53200	53893	0.0
AcGFP1	4820bb43-4af0-435b-8ac8-74ccdecd8de2	92.559	510	17	17	720	176	720	63391	56657	57189	0.0
AcGFP1	4820bb43-4af0-435b-8ac8-74ccdecd8de2	82.182	226	18	15	720	417	687	63391	44401	44648	8.16e-51
AcGFP1	4820bb43-4af0-435b-8ac8-74ccdecd8de2	79.078	223	24	24	720	106	380	63391	44142	44395	6.44e-37
AcGFP1	c94cf65f-1375-4a2f-bcb5-306720295d5d	98.617	713	3	7	720	1	720	14277	6962	7680	0.0
AcGFP1	c94cf65f-1375-4a2f-bcb5-306720295d5d	96.685	700	8	9	720	1	720	14277	10313	11024	0.0
AcGFP1	c94cf65f-1375-4a2f-bcb5-306720295d5d	96.940	602	8	8	720	1	618	14277	13654	14266	0.0
AcGFP1	c94cf65f-1375-4a2f-bcb5-306720295d5d	95.246	601	14	10	720	94	720	14277	1008	1626	0.0
AcGFP1	c94cf65f-1375-4a2f-bcb5-306720295d5d	100.000	95	0	0	720	1	95	14277	99	5	2.30e-41
AcGFP1	fb84ca4a-1363-469b-b4eb-d8976a4ac258	98.485	715	3	6	720	1	720	79029	63459	62736	0.0
AcGFP1	fb84ca4a-1363-469b-b4eb-d8976a4ac258	98.468	707	2	7	720	1	715	79029	12098	11387	0.0
AcGFP1	fb84ca4a-1363-469b-b4eb-d8976a4ac258	98.199	709	7	5	720	1	720	79029	47729	47012	0.0
AcGFP1	fb84ca4a-1363-469b-b4eb-d8976a4ac258	98.197	708	3	7	720	1	720	79029	16613	15902	0.0
AcGFP1	fb84ca4a-1363-469b-b4eb-d8976a4ac258	97.805	713	4	9	720	1	720	79029	21662	20937	0.0
AcGFP1	fb84ca4a-1363-469b-b4eb-d8976a4ac258	97.928	709	5	6	720	1	720	79029	76940	77657	0.0
AcGFP1	fb84ca4a-1363-469b-b4eb-d8976a4ac258	97.652	707	8	6	720	1	720	79029	2020	1302	0.0
AcGFP1	fb84ca4a-1363-469b-b4eb-d8976a4ac258	97.226	701	10	8	720	1	717	79029	53971	53257	0.0
AcGFP1	fb84ca4a-1363-469b-b4eb-d8976a4ac258	95.592	694	17	11	720	1	720	79029	70251	70967	0.0
AcGFP1	fb84ca4a-1363-469b-b4eb-d8976a4ac258	94.911	690	15	11	720	1	720	79029	73601	74312	0.0
AcGFP1	fb84ca4a-1363-469b-b4eb-d8976a4ac258	93.094	674	25	17	720	1	720	79029	37223	37925	0.0
AcGFP1	fb84ca4a-1363-469b-b4eb-d8976a4ac258	92.077	674	25	28	720	1	720	79029	27101	27811	0.0
AcGFP1	fb84ca4a-1363-469b-b4eb-d8976a4ac258	90.717	645	33	24	720	16	720	79029	30410	31093	0.0
AcGFP1	fb84ca4a-1363-469b-b4eb-d8976a4ac258	95.644	527	11	9	720	1	549	79029	45953	46492	0.0
AcGFP1	fb84ca4a-1363-469b-b4eb-d8976a4ac258	85.036	591	61	33	720	1	684	79029	5010	5672	0.0
AcGFP1	fb84ca4a-1363-469b-b4eb-d8976a4ac258	75.987	481	46	64	720	5	619	79029	64371	64915	1.74e-57
AcGFP1	91a8424f-4dab-4f5e-b2a4-674eb69351cc	98.483	714	3	6	720	1	720	27986	144	865	0.0
AcGFP1	91a8424f-4dab-4f5e-b2a4-674eb69351cc	97.790	708	4	9	720	1	720	27986	21579	22294	0.0
AcGFP1	91a8424f-4dab-4f5e-b2a4-674eb69351cc	97.514	706	6	11	720	1	720	27986	6243	6958	0.0
AcGFP1	7e5f0f2e-e8fe-458c-89a3-87b9ef67289c	98.479	712	6	5	720	1	720	24187	3776	3056	0.0
AcGFP1	7e5f0f2e-e8fe-458c-89a3-87b9ef67289c	98.349	715	1	7	720	1	720	24187	17494	18216	0.0
AcGFP1	7e5f0f2e-e8fe-458c-89a3-87b9ef67289c	97.527	710	4	10	720	1	720	24187	10771	11492	0.0
AcGFP1	7e5f0f2e-e8fe-458c-89a3-87b9ef67289c	97.111	706	8	10	720	1	720	24187	14143	14863	0.0
AcGFP1	7e5f0f2e-e8fe-458c-89a3-87b9ef67289c	95.055	692	21	13	720	1	720	24187	4695	5415	0.0
AcGFP1	7e5f0f2e-e8fe-458c-89a3-87b9ef67289c	85.461	482	25	37	720	171	720	24187	24185	23665	3.29e-149
AcGFP1	5e83a439-6687-43ac-bf64-ddfb89baf36f	98.476	711	5	6	720	1	720	40630	21328	22045	0.0
AcGFP1	5e83a439-6687-43ac-bf64-ddfb89baf36f	96.694	702	9	13	720	1	720	40630	13616	14332	0.0
AcGFP1	5e83a439-6687-43ac-bf64-ddfb89baf36f	96.685	700	12	9	720	1	720	40630	37103	36388	0.0
AcGFP1	5e83a439-6687-43ac-bf64-ddfb89baf36f	93.948	683	18	15	720	1	715	40630	40440	39728	0.0
AcGFP1	5e83a439-6687-43ac-bf64-ddfb89baf36f	93.590	657	22	16	720	28	720	40630	29393	30080	0.0
AcGFP1	5e83a439-6687-43ac-bf64-ddfb89baf36f	93.128	664	24	18	720	13	720	40630	772	80	0.0
AcGFP1	5e83a439-6687-43ac-bf64-ddfb89baf36f	94.344	367	8	10	720	1	385	40630	29021	29399	3.23e-164
AcGFP1	70fa22ea-677b-43b5-9e70-22cd82e33d0d	98.474	710	6	5	720	1	720	65100	35942	36658	0.0
AcGFP1	70fa22ea-677b-43b5-9e70-22cd82e33d0d	98.468	707	4	4	720	1	717	65100	46271	45560	0.0
AcGFP1	70fa22ea-677b-43b5-9e70-22cd82e33d0d	97.079	698	13	6	720	1	717	65100	53050	52338	0.0
AcGFP1	70fa22ea-677b-43b5-9e70-22cd82e33d0d	96.424	701	8	16	720	1	720	65100	29560	30275	0.0
AcGFP1	70fa22ea-677b-43b5-9e70-22cd82e33d0d	96.138	697	13	10	720	1	720	65100	13271	12557	0.0
AcGFP1	70fa22ea-677b-43b5-9e70-22cd82e33d0d	95.556	688	8	13	720	1	717	65100	56352	55654	0.0
AcGFP1	70fa22ea-677b-43b5-9e70-22cd82e33d0d	94.802	693	16	12	720	1	720	65100	9946	9227	0.0
AcGFP1	70fa22ea-677b-43b5-9e70-22cd82e33d0d	94.360	686	12	22	720	1	720	65100	61655	62359	0.0
AcGFP1	70fa22ea-677b-43b5-9e70-22cd82e33d0d	94.207	683	13	18	720	1	717	65100	19314	18611	0.0
AcGFP1	70fa22ea-677b-43b5-9e70-22cd82e33d0d	98.188	542	4	4	720	1	549	65100	37719	37171	0.0
AcGFP1	70fa22ea-677b-43b5-9e70-22cd82e33d0d	94.975	567	13	14	720	133	720	65100	1	589	0.0
AcGFP1	70fa22ea-677b-43b5-9e70-22cd82e33d0d	82.449	606	61	45	720	1	711	65100	6619	5929	4.17e-163
AcGFP1	70fa22ea-677b-43b5-9e70-22cd82e33d0d	79.086	571	49	68	720	1	707	65100	20221	20855	9.69e-110
AcGFP1	9e63baac-2530-4a04-ba76-d6509c2fcef8	98.347	714	3	6	720	1	720	70896	10419	11141	0.0
AcGFP1	9e63baac-2530-4a04-ba76-d6509c2fcef8	98.472	709	4	5	720	1	720	70896	44177	44889	0.0
AcGFP1	9e63baac-2530-4a04-ba76-d6509c2fcef8	98.214	715	1	8	720	1	720	70896	48148	48871	0.0
AcGFP1	9e63baac-2530-4a04-ba76-d6509c2fcef8	97.793	709	4	10	720	1	720	70896	19435	18718	0.0
AcGFP1	9e63baac-2530-4a04-ba76-d6509c2fcef8	97.649	706	6	7	720	1	720	70896	51505	52219	0.0
AcGFP1	9e63baac-2530-4a04-ba76-d6509c2fcef8	97.994	684	6	5	720	26	720	70896	34793	34101	0.0
AcGFP1	9e63baac-2530-4a04-ba76-d6509c2fcef8	97.222	700	3	10	720	1	720	70896	16700	15998	0.0
AcGFP1	9e63baac-2530-4a04-ba76-d6509c2fcef8	97.418	679	10	6	720	28	720	70896	59281	58589	0.0
AcGFP1	9e63baac-2530-4a04-ba76-d6509c2fcef8	96.537	697	6	10	720	1	720	70896	4363	5067	0.0
AcGFP1	9e63baac-2530-4a04-ba76-d6509c2fcef8	95.845	692	13	10	720	1	720	70896	28737	28031	0.0
AcGFP1	9e63baac-2530-4a04-ba76-d6509c2fcef8	93.255	636	20	19	720	42	720	70896	66699	67357	0.0
AcGFP1	9e63baac-2530-4a04-ba76-d6509c2fcef8	97.938	380	0	5	720	1	383	70896	59661	59277	0.0
AcGFP1	9e63baac-2530-4a04-ba76-d6509c2fcef8	93.059	362	10	14	720	1	385	70896	66325	66700	9.10e-155
AcGFP1	599af909-8513-4867-94da-e4a3ac2596ec	98.347	714	1	10	720	1	720	12873	6508	7228	0.0
AcGFP1	599af909-8513-4867-94da-e4a3ac2596ec	97.387	708	5	8	720	1	720	12873	3504	2785	0.0
AcGFP1	747152ff-f7fd-4ea8-b215-07ed74ba91ef	98.209	713	5	7	720	1	720	59406	22181	21458	0.0
AcGFP1	747152ff-f7fd-4ea8-b215-07ed74ba91ef	76.515	303	19	40	720	180	570	59406	38866	39192	5.02e-33
AcGFP1	abff7559-34d6-4200-84b4-19f4c7ccc028	98.202	710	7	5	720	1	718	61691	60961	61682	0.0
AcGFP1	abff7559-34d6-4200-84b4-19f4c7ccc028	96.957	701	5	10	720	1	720	61691	47949	47241	0.0
AcGFP1	89e3e169-6468-4ce2-bdd5-e6cc60b9084a	98.197	708	10	3	720	1	720	40549	9880	9162	0.0
AcGFP1	89e3e169-6468-4ce2-bdd5-e6cc60b9084a	95.851	693	10	14	720	8	720	40549	29548	28836	0.0
AcGFP1	89e3e169-6468-4ce2-bdd5-e6cc60b9084a	95.950	687	7	16	720	1	711	40549	15906	15208	0.0
AcGFP1	89e3e169-6468-4ce2-bdd5-e6cc60b9084a	95.212	696	16	11	720	1	717	40549	39699	38974	0.0
AcGFP1	89e3e169-6468-4ce2-bdd5-e6cc60b9084a	94.036	678	20	17	720	1	714	40549	32555	33259	0.0
AcGFP1	88ac168f-6ef2-41fe-8331-6f7316ff83bf	97.948	716	2	11	720	1	720	31221	13407	12679	0.0
AcGFP1	88ac168f-6ef2-41fe-8331-6f7316ff83bf	97.668	712	7	6	720	1	720	31221	19472	18745	0.0
AcGFP1	88ac168f-6ef2-41fe-8331-6f7316ff83bf	96.585	707	5	12	720	1	719	31221	10033	9309	0.0
AcGFP1	88ac168f-6ef2-41fe-8331-6f7316ff83bf	95.034	689	17	15	720	1	720	31221	29557	30267	0.0
AcGFP1	88ac168f-6ef2-41fe-8331-6f7316ff83bf	94.551	590	9	18	720	105	720	31221	6	612	0.0
AcGFP1	88ac168f-6ef2-41fe-8331-6f7316ff83bf	83.769	609	44	40	720	1	717	31221	6687	6025	2.46e-175
AcGFP1	88ac168f-6ef2-41fe-8331-6f7316ff83bf	80.846	363	26	44	720	277	710	31221	20601	21004	4.71e-78
AcGFP1	1840cab9-5c18-4f12-aeed-d2dafdef9f85	98.066	710	6	7	720	1	720	32943	12211	11492	0.0
AcGFP1	1840cab9-5c18-4f12-aeed-d2dafdef9f85	99.278	688	1	2	720	28	720	32943	4461	5149	0.0
AcGFP1	1840cab9-5c18-4f12-aeed-d2dafdef9f85	97.517	707	2	11	720	1	720	32943	28934	28221	0.0
AcGFP1	1840cab9-5c18-4f12-aeed-d2dafdef9f85	97.368	703	9	7	720	1	720	32943	19531	18818	0.0
AcGFP1	1840cab9-5c18-4f12-aeed-d2dafdef9f85	96.708	705	5	11	720	3	720	32943	22887	22167	0.0
AcGFP1	1840cab9-5c18-4f12-aeed-d2dafdef9f85	93.570	684	25	16	720	1	719	32943	15550	14830	0.0
AcGFP1	1840cab9-5c18-4f12-aeed-d2dafdef9f85	95.498	594	9	13	720	1	616	32943	30078	30686	0.0
AcGFP1	1840cab9-5c18-4f12-aeed-d2dafdef9f85	98.961	381	3	1	720	1	385	32943	4084	4467	0.0
AcGFP1	47e2ac17-b551-4e33-bd6c-aec6c1f1d6a3	98.197	708	6	5	720	1	720	77593	70631	71345	0.0
AcGFP1	47e2ac17-b551-4e33-bd6c-aec6c1f1d6a3	97.796	710	4	9	720	1	720	77593	9677	8958	0.0
AcGFP1	47e2ac17-b551-4e33-bd6c-aec6c1f1d6a3	97.665	711	6	10	720	1	720	77593	18421	19145	0.0
AcGFP1	47e2ac17-b551-4e33-bd6c-aec6c1f1d6a3	97.517	707	8	9	720	1	720	77593	15037	15756	0.0
AcGFP1	47e2ac17-b551-4e33-bd6c-aec6c1f1d6a3	97.099	703	5	10	720	1	720	77593	30890	31601	0.0
AcGFP1	47e2ac17-b551-4e33-bd6c-aec6c1f1d6a3	96.961	702	8	7	720	1	720	77593	77503	76790	0.0
AcGFP1	47e2ac17-b551-4e33-bd6c-aec6c1f1d6a3	96.438	704	6	15	720	1	720	77593	63904	64623	0.0
AcGFP1	47e2ac17-b551-4e33-bd6c-aec6c1f1d6a3	96.552	700	6	13	720	1	720	77593	67288	67998	0.0
AcGFP1	47e2ac17-b551-4e33-bd6c-aec6c1f1d6a3	96.154	700	14	10	720	1	720	77593	47449	46728	0.0
AcGFP1	47e2ac17-b551-4e33-bd6c-aec6c1f1d6a3	96.266	696	13	8	720	6	720	77593	4645	3929	0.0
AcGFP1	47e2ac17-b551-4e33-bd6c-aec6c1f1d6a3	95.978	692	13	8	720	1	720	77593	41423	40718	0.0
AcGFP1	47e2ac17-b551-4e33-bd6c-aec6c1f1d6a3	95.442	691	15	13	720	1	720	77593	56900	56191	0.0
AcGFP1	47e2ac17-b551-4e33-bd6c-aec6c1f1d6a3	94.787	691	17	18	720	1	720	77593	24070	24786	0.0
AcGFP1	47e2ac17-b551-4e33-bd6c-aec6c1f1d6a3	94.467	683	13	17	720	1	720	77593	57840	58538	0.0
AcGFP1	47e2ac17-b551-4e33-bd6c-aec6c1f1d6a3	96.739	534	9	7	720	1	549	77593	39659	40204	0.0
AcGFP1	47e2ac17-b551-4e33-bd6c-aec6c1f1d6a3	91.935	114	4	3	720	1	123	77593	119	1	3.85e-39
AcGFP1	c612e747-a793-49ad-a32c-37fe4bec170a	98.064	709	5	5	720	1	720	62959	10134	10850	0.0
AcGFP1	c612e747-a793-49ad-a32c-37fe4bec170a	97.564	681	4	8	720	28	720	62959	21295	20606	0.0
AcGFP1	c612e747-a793-49ad-a32c-37fe4bec170a	96.143	698	9	15	720	1	716	62959	13506	14222	0.0
AcGFP1	c612e747-a793-49ad-a32c-37fe4bec170a	95.862	695	14	13	720	1	720	62959	50047	50760	0.0
AcGFP1	c612e747-a793-49ad-a32c-37fe4bec170a	95.598	695	8	14	720	1	720	62959	6173	6882	0.0
AcGFP1	c612e747-a793-49ad-a32c-37fe4bec170a	95.186	692	15	9	720	1	720	62959	36799	36086	0.0
AcGFP1	c612e747-a793-49ad-a32c-37fe4bec170a	91.621	667	35	17	720	1	720	62959	2859	3568	0.0
AcGFP1	c612e747-a793-49ad-a32c-37fe4bec170a	89.768	658	27	34	720	1	720	62959	29123	28426	0.0
AcGFP1	c612e747-a793-49ad-a32c-37fe4bec170a	98.969	384	1	1	720	1	388	62959	21670	21286	0.0
AcGFP1	5c7a89d4-816c-4079-a757-5db85f7bff41	97.928	709	7	7	720	1	720	41242	4476	3757	0.0
AcGFP1	5c7a89d4-816c-4079-a757-5db85f7bff41	97.920	706	5	8	720	1	720	41242	24976	25687	0.0
AcGFP1	5c7a89d4-816c-4079-a757-5db85f7bff41	96.561	702	6	11	720	1	717	41242	12132	11415	0.0
AcGFP1	692611a3-89e1-4b9d-90cb-0b739d6797a8	97.928	709	8	5	720	1	720	87841	20393	19673	0.0
AcGFP1	692611a3-89e1-4b9d-90cb-0b739d6797a8	96.966	703	6	13	720	1	720	87841	67848	67135	0.0
AcGFP1	692611a3-89e1-4b9d-90cb-0b739d6797a8	96.690	701	8	14	720	1	720	87841	41618	42331	0.0
AcGFP1	692611a3-89e1-4b9d-90cb-0b739d6797a8	96.127	695	17	9	720	1	717	87841	967	250	0.0
AcGFP1	692611a3-89e1-4b9d-90cb-0b739d6797a8	95.355	698	11	17	720	1	720	87841	81474	82194	0.0
AcGFP1	692611a3-89e1-4b9d-90cb-0b739d6797a8	95.330	694	17	15	720	1	720	87841	74769	75487	0.0
AcGFP1	692611a3-89e1-4b9d-90cb-0b739d6797a8	95.330	694	14	13	720	1	717	87841	58505	57787	0.0
AcGFP1	692611a3-89e1-4b9d-90cb-0b739d6797a8	94.723	700	13	18	720	1	720	87841	25813	26544	0.0
AcGFP1	692611a3-89e1-4b9d-90cb-0b739d6797a8	94.897	688	17	16	720	1	720	87841	52112	51403	0.0
AcGFP1	692611a3-89e1-4b9d-90cb-0b739d6797a8	94.467	683	17	16	720	1	714	87841	78117	78825	0.0
AcGFP1	692611a3-89e1-4b9d-90cb-0b739d6797a8	93.956	684	21	17	720	1	720	87841	10950	10238	0.0
AcGFP1	692611a3-89e1-4b9d-90cb-0b739d6797a8	93.655	679	11	24	720	1	709	87841	34796	35501	0.0
AcGFP1	692611a3-89e1-4b9d-90cb-0b739d6797a8	91.209	664	26	28	720	3	717	87841	29185	29887	0.0
AcGFP1	692611a3-89e1-4b9d-90cb-0b739d6797a8	89.754	657	29	32	720	1	720	87841	68768	69465	0.0
AcGFP1	692611a3-89e1-4b9d-90cb-0b739d6797a8	89.524	658	34	32	720	1	720	87841	15417	14711	0.0
AcGFP1	692611a3-89e1-4b9d-90cb-0b739d6797a8	95.194	515	12	12	720	1	540	87841	50354	50881	0.0
AcGFP1	692611a3-89e1-4b9d-90cb-0b739d6797a8	77.393	558	49	70	720	17	719	87841	3976	4600	7.76e-86
AcGFP1	2f86e314-ed55-4244-953d-d8a7e215b46e	97.928	709	6	7	720	1	720	48469	17357	16639	0.0
AcGFP1	2f86e314-ed55-4244-953d-d8a7e215b46e	97.372	704	9	8	720	1	720	48469	26579	25864	0.0
AcGFP1	2f86e314-ed55-4244-953d-d8a7e215b46e	97.107	705	6	12	720	1	720	48469	8228	8944	0.0
AcGFP1	2f86e314-ed55-4244-953d-d8a7e215b46e	96.841	705	12	7	720	1	720	48469	14598	13874	0.0
AcGFP1	2f86e314-ed55-4244-953d-d8a7e215b46e	95.640	702	8	18	720	1	720	48469	32649	31926	0.0
AcGFP1	2f86e314-ed55-4244-953d-d8a7e215b46e	95.610	697	7	16	720	1	720	48469	41620	42332	0.0
AcGFP1	2f86e314-ed55-4244-953d-d8a7e215b46e	94.665	692	13	18	720	1	720	48469	2110	2825	0.0
AcGFP1	2f86e314-ed55-4244-953d-d8a7e215b46e	91.814	673	21	29	720	1	720	48469	45581	46287	0.0
AcGFP1	2f86e314-ed55-4244-953d-d8a7e215b46e	86.592	155	11	11	720	1	177	48469	33797	33964	3.82e-44
AcGFP1	b56cb63d-2326-4658-b322-73ce9129989c	97.793	709	7	7	720	1	720	57427	6281	7001	0.0
AcGFP1	b56cb63d-2326-4658-b322-73ce9129989c	97.376	705	8	7	720	1	720	57427	47567	46851	0.0
AcGFP1	b56cb63d-2326-4658-b322-73ce9129989c	96.429	702	12	9	720	1	720	57427	38139	37418	0.0
AcGFP1	b56cb63d-2326-4658-b322-73ce9129989c	96.419	700	8	12	720	1	720	57427	18641	17928	0.0
AcGFP1	b56cb63d-2326-4658-b322-73ce9129989c	95.989	694	11	11	720	1	720	57427	12595	11888	0.0
AcGFP1	b56cb63d-2326-4658-b322-73ce9129989c	96.491	660	8	13	720	1	678	57427	31759	31086	0.0
AcGFP1	b56cb63d-2326-4658-b322-73ce9129989c	94.360	686	13	19	720	1	720	57427	54483	55188	0.0
AcGFP1	b56cb63d-2326-4658-b322-73ce9129989c	94.614	650	16	16	720	1	684	57427	48493	49161	0.0
AcGFP1	b56cb63d-2326-4658-b322-73ce9129989c	92.245	678	20	25	720	1	720	57427	3554	4266	0.0
AcGFP1	0c3a1d28-5378-4f1a-bb31-f060e37232a4	97.544	715	5	4	720	1	720	49669	44018	44750	0.0
AcGFP1	0c3a1d28-5378-4f1a-bb31-f060e37232a4	97.245	706	7	10	720	1	720	49669	15888	15170	0.0
AcGFP1	0c3a1d28-5378-4f1a-bb31-f060e37232a4	96.819	700	11	11	720	1	720	49669	40644	41357	0.0
AcGFP1	0c3a1d28-5378-4f1a-bb31-f060e37232a4	96.332	709	10	12	720	1	720	49669	35193	34459	0.0
AcGFP1	0c3a1d28-5378-4f1a-bb31-f060e37232a4	96.424	701	13	11	720	1	720	49669	25619	24899	0.0
AcGFP1	0c3a1d28-5378-4f1a-bb31-f060e37232a4	93.844	686	20	14	720	1	720	49669	2254	1538	0.0
AcGFP1	0c3a1d28-5378-4f1a-bb31-f060e37232a4	93.223	674	23	20	720	1	712	49669	30132	29425	0.0
AcGFP1	0c3a1d28-5378-4f1a-bb31-f060e37232a4	77.102	431	34	61	720	167	716	49669	18944	19417	1.04e-59
AcGFP1	b964bb1a-4809-46b8-906a-7035bcc8fe87	97.922	707	5	8	720	1	720	40690	10400	11113	0.0
AcGFP1	b964bb1a-4809-46b8-906a-7035bcc8fe87	96.266	696	12	12	720	1	720	40690	1429	2139	0.0
AcGFP1	b964bb1a-4809-46b8-906a-7035bcc8fe87	94.952	696	12	21	720	1	720	40690	4762	5482	0.0
AcGFP1	b964bb1a-4809-46b8-906a-7035bcc8fe87	97.283	537	8	5	720	1	549	40690	25899	26446	0.0
AcGFP1	b964bb1a-4809-46b8-906a-7035bcc8fe87	88.919	666	31	33	720	1	717	40690	27697	26969	0.0
AcGFP1	b964bb1a-4809-46b8-906a-7035bcc8fe87	85.115	629	51	44	720	1	720	40690	17206	17904	0.0
AcGFP1	b964bb1a-4809-46b8-906a-7035bcc8fe87	80.845	536	66	47	720	16	653	40690	33653	33027	4.38e-128
AcGFP1	e37165b0-4f4a-4226-812f-a4f215e46278	97.531	711	8	7	720	1	720	45850	19989	19262	0.0
AcGFP1	e37165b0-4f4a-4226-812f-a4f215e46278	96.982	707	6	13	720	1	720	45850	12299	11578	0.0
AcGFP1	e37165b0-4f4a-4226-812f-a4f215e46278	96.528	695	11	9	720	1	720	45850	32952	33657	0.0
AcGFP1	e37165b0-4f4a-4226-812f-a4f215e46278	96.691	672	6	10	720	28	715	45850	4260	3576	0.0
AcGFP1	e37165b0-4f4a-4226-812f-a4f215e46278	95.929	377	8	5	720	1	388	45850	4640	4251	4.08e-178
AcGFP1	8ea7dd96-8299-41e1-8f2c-40a470f7d3b3	97.784	706	7	7	720	1	720	40185	23446	24160	0.0
AcGFP1	8ea7dd96-8299-41e1-8f2c-40a470f7d3b3	96.845	706	6	12	720	1	720	40185	17338	18058	0.0
AcGFP1	8ea7dd96-8299-41e1-8f2c-40a470f7d3b3	96.149	699	5	13	720	1	720	40185	38573	39283	0.0
AcGFP1	8ea7dd96-8299-41e1-8f2c-40a470f7d3b3	97.774	615	10	3	720	1	629	40185	625	1	0.0
AcGFP1	c066cbb3-de9a-4fed-b197-42ea37e6cd9f	97.655	708	7	6	720	1	717	39297	22564	21842	0.0
AcGFP1	c066cbb3-de9a-4fed-b197-42ea37e6cd9f	96.556	701	10	12	720	1	717	39297	10121	9402	0.0
AcGFP1	c066cbb3-de9a-4fed-b197-42ea37e6cd9f	96.245	692	10	13	720	1	710	39297	16940	16230	0.0
AcGFP1	c066cbb3-de9a-4fed-b197-42ea37e6cd9f	93.886	691	15	23	720	1	720	39297	36288	37009	0.0
AcGFP1	c066cbb3-de9a-4fed-b197-42ea37e6cd9f	94.093	685	12	20	720	7	720	39297	25889	25179	0.0
AcGFP1	c066cbb3-de9a-4fed-b197-42ea37e6cd9f	96.364	530	14	5	720	1	549	39297	1377	833	0.0
AcGFP1	c066cbb3-de9a-4fed-b197-42ea37e6cd9f	81.633	600	61	55	720	1	720	39297	31298	31973	1.97e-151
AcGFP1	c066cbb3-de9a-4fed-b197-42ea37e6cd9f	97.115	303	5	2	720	412	720	39297	4	314	7.13e-146
AcGFP1	0fd0479c-d806-483d-836b-715a6f0ca40e	97.652	707	7	8	720	1	720	21664	3732	4449	0.0
AcGFP1	0fd0479c-d806-483d-836b-715a6f0ca40e	96.095	689	18	6	720	6	720	21664	18546	17838	0.0
AcGFP1	0fd0479c-d806-483d-836b-715a6f0ca40e	94.890	687	18	15	720	1	720	21664	6479	7187	0.0
AcGFP1	0fd0479c-d806-483d-836b-715a6f0ca40e	83.489	268	28	16	720	301	610	21664	12332	12026	2.20e-71
AcGFP1	ebc994cc-50d6-4d20-806c-e93cb9600be8	97.404	713	3	12	720	1	720	48069	27791	27064	0.0
AcGFP1	ebc994cc-50d6-4d20-806c-e93cb9600be8	96.828	702	4	15	720	2	720	48069	34636	35347	0.0
AcGFP1	ebc994cc-50d6-4d20-806c-e93cb9600be8	95.492	699	14	10	720	1	720	48069	18379	17655	0.0
AcGFP1	ebc994cc-50d6-4d20-806c-e93cb9600be8	95.205	695	8	20	720	1	720	48069	1757	2469	0.0
AcGFP1	ebc994cc-50d6-4d20-806c-e93cb9600be8	94.536	692	5	22	720	1	720	48069	41276	41984	0.0
AcGFP1	ebc994cc-50d6-4d20-806c-e93cb9600be8	94.313	680	17	19	720	5	720	48069	12186	11485	0.0
AcGFP1	ebc994cc-50d6-4d20-806c-e93cb9600be8	94.207	683	16	19	720	1	720	48069	37945	38648	0.0
AcGFP1	ebc994cc-50d6-4d20-806c-e93cb9600be8	94.394	522	8	16	720	1	549	48069	10434	10967	0.0
AcGFP1	ebc994cc-50d6-4d20-806c-e93cb9600be8	80.563	572	51	57	720	1	684	48069	28700	29348	1.22e-128
AcGFP1	ebc994cc-50d6-4d20-806c-e93cb9600be8	78.309	426	33	53	720	189	720	48069	47878	47408	2.85e-70
AcGFP1	858037d6-22b0-44d9-9d60-085ad46e78a4	97.652	707	6	7	720	1	720	22541	2140	1424	0.0
AcGFP1	858037d6-22b0-44d9-9d60-085ad46e78a4	96.949	699	10	11	720	1	720	22541	15692	16401	0.0
AcGFP1	858037d6-22b0-44d9-9d60-085ad46e78a4	96.823	701	9	9	720	1	720	22541	12339	13052	0.0
AcGFP1	858037d6-22b0-44d9-9d60-085ad46e78a4	95.989	694	13	15	720	1	720	22541	9000	9709	0.0
AcGFP1	858037d6-22b0-44d9-9d60-085ad46e78a4	96.983	675	4	8	720	28	720	22541	22504	21823	0.0
AcGFP1	858037d6-22b0-44d9-9d60-085ad46e78a4	81.271	243	24	27	720	389	681	22541	3423	3695	1.75e-52
AcGFP1	da50cd4a-989e-4d8b-867f-704b32119511	97.524	709	6	6	720	1	720	73926	11568	10847	0.0
AcGFP1	da50cd4a-989e-4d8b-867f-704b32119511	96.552	700	10	10	720	1	720	73926	54708	53994	0.0
AcGFP1	da50cd4a-989e-4d8b-867f-704b32119511	96.542	698	10	8	720	1	720	73926	8214	7504	0.0
AcGFP1	da50cd4a-989e-4d8b-867f-704b32119511	96.394	695	15	11	720	1	720	73926	69591	70301	0.0
AcGFP1	da50cd4a-989e-4d8b-867f-704b32119511	96.143	698	14	11	720	1	720	73926	4871	4154	0.0
AcGFP1	da50cd4a-989e-4d8b-867f-704b32119511	95.610	697	11	17	720	1	720	73926	60047	60763	0.0
AcGFP1	da50cd4a-989e-4d8b-867f-704b32119511	95.192	693	19	13	720	1	720	73926	44564	43845	0.0
AcGFP1	da50cd4a-989e-4d8b-867f-704b32119511	94.925	692	14	15	720	1	720	73926	17624	16910	0.0
AcGFP1	da50cd4a-989e-4d8b-867f-704b32119511	93.535	680	21	21	720	1	720	73926	51352	50645	0.0
AcGFP1	da50cd4a-989e-4d8b-867f-704b32119511	93.535	680	21	18	720	1	720	73926	65060	65767	0.0
AcGFP1	da50cd4a-989e-4d8b-867f-704b32119511	92.234	677	20	25	720	1	720	73926	27849	28559	0.0
AcGFP1	da50cd4a-989e-4d8b-867f-704b32119511	89.598	646	33	28	720	1	709	73926	34179	34869	0.0
AcGFP1	da50cd4a-989e-4d8b-867f-704b32119511	94.756	524	10	11	720	7	549	73926	35929	35386	0.0
AcGFP1	da50cd4a-989e-4d8b-867f-704b32119511	78.492	562	67	62	720	25	720	73926	18566	19214	2.71e-105
AcGFP1	f221497a-f337-4102-beeb-77a1297f4405	97.524	709	7	7	720	1	720	58952	41766	41044	0.0
AcGFP1	f221497a-f337-4102-beeb-77a1297f4405	98.017	692	5	7	720	1	705	58952	12404	13101	0.0
AcGFP1	f221497a-f337-4102-beeb-77a1297f4405	96.699	703	10	11	720	1	720	58952	51211	50492	0.0
AcGFP1	f221497a-f337-4102-beeb-77a1297f4405	96.556	701	8	12	720	1	720	58952	9052	9766	0.0
AcGFP1	f221497a-f337-4102-beeb-77a1297f4405	96.429	702	8	15	720	1	720	58952	18022	18739	0.0
AcGFP1	f221497a-f337-4102-beeb-77a1297f4405	96.276	698	14	9	720	1	720	58952	35409	34693	0.0
AcGFP1	f221497a-f337-4102-beeb-77a1297f4405	96.022	700	15	11	720	1	720	58952	3606	2883	0.0
AcGFP1	f221497a-f337-4102-beeb-77a1297f4405	95.879	698	13	16	720	1	720	58952	24852	25570	0.0
AcGFP1	f221497a-f337-4102-beeb-77a1297f4405	95.461	694	9	17	720	1	720	58952	52142	52851	0.0
AcGFP1	f221497a-f337-4102-beeb-77a1297f4405	94.407	692	20	16	720	1	720	58952	58197	58921	0.0
AcGFP1	f221497a-f337-4102-beeb-77a1297f4405	98.889	534	3	3	720	1	540	58952	33627	34163	0.0
AcGFP1	52acc87d-00d9-49d2-ba8a-c0025ea5d3fb	97.645	705	5	9	720	1	720	5911	1404	693	0.0
AcGFP1	1d70bbe9-8167-44eb-80b1-85a7a660b40b	97.645	705	5	9	720	1	720	10639	9928	9217	0.0
AcGFP1	1d70bbe9-8167-44eb-80b1-85a7a660b40b	97.899	699	6	9	720	16	720	10639	1	714	0.0
AcGFP1	1d70bbe9-8167-44eb-80b1-85a7a660b40b	79.167	247	30	24	720	16	318	10639	6563	6278	1.37e-43
AcGFP1	82c198f9-3f84-480a-97b8-412096445ab4	97.257	709	8	10	720	1	720	14758	5185	4460	0.0
AcGFP1	82c198f9-3f84-480a-97b8-412096445ab4	93.923	680	21	16	720	1	720	14758	11237	10533	0.0
AcGFP1	82c198f9-3f84-480a-97b8-412096445ab4	77.961	566	69	65	720	14	717	14758	12388	13044	9.83e-100
AcGFP1	6f0ab79f-e38d-4b5c-8c20-a2ce1a99fad0	97.387	708	6	7	720	1	720	14379	4699	3979	0.0
AcGFP1	6f0ab79f-e38d-4b5c-8c20-a2ce1a99fad0	96.286	700	13	11	720	6	720	14379	8055	7331	0.0
AcGFP1	6f0ab79f-e38d-4b5c-8c20-a2ce1a99fad0	94.890	687	19	11	720	1	720	14379	722	13	0.0
AcGFP1	6f0ab79f-e38d-4b5c-8c20-a2ce1a99fad0	92.141	680	21	29	720	1	720	14379	14120	13402	0.0
AcGFP1	8119f4fb-ddef-4629-b40b-bde21bc6248d	97.379	706	8	9	720	1	720	50341	12321	13039	0.0
AcGFP1	8119f4fb-ddef-4629-b40b-bde21bc6248d	97.350	698	6	11	720	10	720	50341	27376	26667	0.0
AcGFP1	8119f4fb-ddef-4629-b40b-bde21bc6248d	96.841	705	9	11	720	1	720	50341	18391	19112	0.0
AcGFP1	8119f4fb-ddef-4629-b40b-bde21bc6248d	94.676	658	19	15	720	1	693	50341	24663	23985	0.0
AcGFP1	8119f4fb-ddef-4629-b40b-bde21bc6248d	86.010	166	18	8	720	16	208	50341	48024	47841	4.91e-48
AcGFP1	8119f4fb-ddef-4629-b40b-bde21bc6248d	85.787	169	9	11	720	1	192	50341	39896	40078	8.22e-46
AcGFP1	6ceac3dd-41b9-48d8-a810-30190807a2f2	97.253	708	6	8	720	1	720	26905	2922	2201	0.0
AcGFP1	6ceac3dd-41b9-48d8-a810-30190807a2f2	97.365	702	5	9	720	1	717	26905	18357	17647	0.0
AcGFP1	6ceac3dd-41b9-48d8-a810-30190807a2f2	96.301	703	7	13	720	1	720	26905	24456	23737	0.0
AcGFP1	7b225e62-af07-45b9-8fbd-1bbb473b293d	97.372	704	6	8	720	1	720	2554	1529	817	0.0
AcGFP1	6ddf28aa-da6c-4943-81cd-923731c11a38	97.123	709	2	9	720	1	720	36935	35637	34917	0.0
AcGFP1	6ddf28aa-da6c-4943-81cd-923731c11a38	96.966	703	8	10	720	1	720	36935	10489	11204	0.0
AcGFP1	6ddf28aa-da6c-4943-81cd-923731c11a38	98.553	545	0	5	720	1	549	36935	19249	19797	0.0
AcGFP1	6ddf28aa-da6c-4943-81cd-923731c11a38	90.185	634	25	27	720	41	720	36935	21003	20322	0.0
AcGFP1	6ddf28aa-da6c-4943-81cd-923731c11a38	89.503	648	27	32	720	23	720	36935	7799	7099	0.0
AcGFP1	6ddf28aa-da6c-4943-81cd-923731c11a38	93.855	504	15	12	720	1	531	36935	28810	28286	0.0
AcGFP1	6ddf28aa-da6c-4943-81cd-923731c11a38	98.585	209	2	1	720	509	720	36935	1	211	7.60e-101
AcGFP1	6e56b20c-bfbf-4aaf-b115-5809e792b6b0	97.099	703	6	11	720	1	720	28943	19440	18728	0.0
AcGFP1	6e56b20c-bfbf-4aaf-b115-5809e792b6b0	96.547	699	15	8	720	1	720	28943	26221	25504	0.0
AcGFP1	6e56b20c-bfbf-4aaf-b115-5809e792b6b0	96.419	700	6	18	720	1	720	28943	2629	3340	0.0
AcGFP1	6e56b20c-bfbf-4aaf-b115-5809e792b6b0	96.127	695	12	12	720	1	720	28943	8988	9697	0.0
AcGFP1	6e56b20c-bfbf-4aaf-b115-5809e792b6b0	95.341	532	8	12	720	1	549	28943	10772	10224	0.0
AcGFP1	4ea3ea0d-d765-4946-b89e-2587a868763f	97.354	699	3	11	720	5	720	23439	10637	11340	0.0
AcGFP1	4ea3ea0d-d765-4946-b89e-2587a868763f	96.409	698	12	8	720	1	720	23439	7915	7202	0.0
AcGFP1	4ea3ea0d-d765-4946-b89e-2587a868763f	98.537	539	4	4	720	2	547	23439	19382	19925	0.0
AcGFP1	4ea3ea0d-d765-4946-b89e-2587a868763f	88.717	629	40	31	720	27	720	23439	21132	20449	0.0
AcGFP1	4ea3ea0d-d765-4946-b89e-2587a868763f	96.484	247	2	6	720	469	720	23439	1	253	1.25e-113
AcGFP1	4b5aa7d1-0148-4b98-ad9c-be9dc586df0c	96.970	704	8	9	720	1	720	21185	12681	11964	0.0
AcGFP1	4b5aa7d1-0148-4b98-ad9c-be9dc586df0c	92.384	655	25	22	720	19	713	21185	18701	18008	0.0
AcGFP1	be675bf2-2cd1-4024-976b-fde20709f652	97.087	700	8	8	720	1	720	68115	61552	62260	0.0
AcGFP1	be675bf2-2cd1-4024-976b-fde20709f652	96.170	703	5	17	720	1	720	68115	54874	55592	0.0
AcGFP1	be675bf2-2cd1-4024-976b-fde20709f652	96.006	697	12	10	720	1	720	68115	48084	47370	0.0
AcGFP1	be675bf2-2cd1-4024-976b-fde20709f652	95.989	694	8	15	720	1	720	68115	58224	58928	0.0
AcGFP1	be675bf2-2cd1-4024-976b-fde20709f652	94.694	696	13	19	720	1	720	68115	11725	12448	0.0
AcGFP1	be675bf2-2cd1-4024-976b-fde20709f652	94.606	684	13	15	720	1	720	68115	32309	31610	0.0
AcGFP1	be675bf2-2cd1-4024-976b-fde20709f652	94.028	677	16	19	720	1	712	68115	38632	37932	0.0
AcGFP1	be675bf2-2cd1-4024-976b-fde20709f652	92.066	673	24	25	720	1	720	68115	21831	22538	0.0
AcGFP1	be675bf2-2cd1-4024-976b-fde20709f652	90.773	669	31	24	720	1	720	68115	6384	5668	0.0
AcGFP1	be675bf2-2cd1-4024-976b-fde20709f652	90.959	664	21	24	720	1	717	68115	1364	667	0.0
AcGFP1	be675bf2-2cd1-4024-976b-fde20709f652	90.137	658	31	33	720	1	720	68115	15075	15773	0.0
AcGFP1	be675bf2-2cd1-4024-976b-fde20709f652	88.989	493	28	26	720	9	549	68115	30553	31086	0.0
AcGFP1	d1b03622-a8e0-49d1-b869-9176c23ad415	96.721	708	6	12	720	1	720	9728	16	741	0.0
AcGFP1	a5bc75f0-7e19-4b0e-82f9-f5a7624a6bfd	96.957	701	9	9	720	1	720	43961	32491	33203	0.0
AcGFP1	a5bc75f0-7e19-4b0e-82f9-f5a7624a6bfd	95.592	694	16	15	720	1	720	43961	35221	35936	0.0
AcGFP1	a5bc75f0-7e19-4b0e-82f9-f5a7624a6bfd	95.172	690	14	16	720	1	720	43961	9983	9275	0.0
AcGFP1	a5bc75f0-7e19-4b0e-82f9-f5a7624a6bfd	93.324	685	24	16	720	1	720	43961	41542	40820	0.0
AcGFP1	a5bc75f0-7e19-4b0e-82f9-f5a7624a6bfd	93.333	672	25	20	720	1	712	43961	17165	17869	0.0
AcGFP1	a5bc75f0-7e19-4b0e-82f9-f5a7624a6bfd	92.613	677	26	20	720	1	720	43961	16022	15309	0.0
AcGFP1	a5bc75f0-7e19-4b0e-82f9-f5a7624a6bfd	92.055	672	24	25	720	1	720	43961	23212	23917	0.0
AcGFP1	a5bc75f0-7e19-4b0e-82f9-f5a7624a6bfd	89.973	664	35	26	720	1	720	43961	6663	5947	0.0
AcGFP1	a5bc75f0-7e19-4b0e-82f9-f5a7624a6bfd	89.712	654	40	26	720	1	717	43961	2730	2025	0.0
AcGFP1	2737f491-9563-4e75-b667-9769c8a4d54e	96.717	707	6	13	720	1	720	15911	2376	3099	0.0
AcGFP1	2737f491-9563-4e75-b667-9769c8a4d54e	95.598	695	11	14	720	1	720	15911	5763	6475	0.0
AcGFP1	2737f491-9563-4e75-b667-9769c8a4d54e	95.574	691	19	12	720	2	720	15911	9091	9804	0.0
AcGFP1	2737f491-9563-4e75-b667-9769c8a4d54e	85.350	536	47	33	720	1	605	15911	15832	15227	1.91e-171
AcGFP1	15c093cd-2172-43c2-83d5-ed6ece824af4	97.091	701	4	9	720	1	720	22118	6581	5875	0.0
AcGFP1	15c093cd-2172-43c2-83d5-ed6ece824af4	96.814	699	8	12	720	1	718	22118	19536	20246	0.0
AcGFP1	b73482bb-b0ba-4000-ad11-bd12e1321f2f	96.699	703	13	10	720	1	720	48084	27954	27232	0.0
AcGFP1	b73482bb-b0ba-4000-ad11-bd12e1321f2f	95.323	693	10	22	720	1	714	48084	41616	42331	0.0
AcGFP1	b73482bb-b0ba-4000-ad11-bd12e1321f2f	93.819	683	17	20	720	1	720	48084	34924	35631	0.0
AcGFP1	b73482bb-b0ba-4000-ad11-bd12e1321f2f	92.946	672	20	21	720	1	720	48084	28871	29565	0.0
AcGFP1	b73482bb-b0ba-4000-ad11-bd12e1321f2f	92.339	675	27	21	720	1	720	48084	38255	38967	0.0
AcGFP1	b73482bb-b0ba-4000-ad11-bd12e1321f2f	91.185	662	23	29	720	2	717	48084	2043	2737	0.0
AcGFP1	b73482bb-b0ba-4000-ad11-bd12e1321f2f	96.390	534	9	9	720	1	549	48084	10748	11295	0.0
AcGFP1	b73482bb-b0ba-4000-ad11-bd12e1321f2f	85.942	648	45	52	720	1	720	48084	12540	11814	0.0
AcGFP1	9462edd4-5a3c-4e08-99b5-e269ccebd716	96.699	703	11	11	720	1	720	48968	17001	16281	0.0
AcGFP1	9462edd4-5a3c-4e08-99b5-e269ccebd716	96.384	693	13	8	720	1	719	48968	20339	19634	0.0
AcGFP1	9462edd4-5a3c-4e08-99b5-e269ccebd716	95.862	695	12	11	720	1	720	48968	27643	26932	0.0
AcGFP1	9462edd4-5a3c-4e08-99b5-e269ccebd716	95.804	685	12	8	720	1	713	48968	24295	23597	0.0
AcGFP1	9462edd4-5a3c-4e08-99b5-e269ccebd716	96.557	673	5	13	720	28	720	48968	9245	9926	0.0
AcGFP1	9462edd4-5a3c-4e08-99b5-e269ccebd716	93.452	685	17	20	720	1	720	48968	33707	32993	0.0
AcGFP1	9462edd4-5a3c-4e08-99b5-e269ccebd716	93.241	676	32	15	720	1	720	48968	1200	1912	0.0
AcGFP1	9462edd4-5a3c-4e08-99b5-e269ccebd716	91.736	666	22	23	720	1	720	48968	34853	35546	0.0
AcGFP1	9462edd4-5a3c-4e08-99b5-e269ccebd716	93.573	364	11	9	720	1	385	48968	8873	9251	3.25e-159
AcGFP1	351d1c7f-bcb2-477a-8d61-ee2131000b01	96.566	703	12	8	720	1	720	3076	1312	590	0.0
AcGFP1	e887f40a-cd05-426b-8571-3a8bfb20bc9b	97.187	691	8	9	720	4	706	1418	711	1417	0.0
AcGFP1	7a23da46-ed8a-4d47-8f1f-5c30983a310f	96.685	700	9	10	720	1	720	31087	5392	4680	0.0
AcGFP1	7a23da46-ed8a-4d47-8f1f-5c30983a310f	95.724	694	15	12	720	1	720	31087	10804	11517	0.0
AcGFP1	7a23da46-ed8a-4d47-8f1f-5c30983a310f	95.304	690	14	12	720	1	720	31087	14166	14873	0.0
AcGFP1	7a23da46-ed8a-4d47-8f1f-5c30983a310f	93.570	684	25	16	720	1	720	31087	19752	20471	0.0
AcGFP1	7a23da46-ed8a-4d47-8f1f-5c30983a310f	95.225	339	8	4	720	1	354	31087	349	1	2.53e-155
AcGFP1	7a23da46-ed8a-4d47-8f1f-5c30983a310f	80.690	585	67	51	720	1	703	31087	26554	27227	1.55e-137
AcGFP1	52f79d40-3725-4363-89fa-b680bab095af	96.438	704	9	14	720	1	720	8147	6638	5916	0.0
AcGFP1	52f79d40-3725-4363-89fa-b680bab095af	94.637	547	8	17	720	1	572	8147	571	11	0.0
AcGFP1	52f79d40-3725-4363-89fa-b680bab095af	83.065	515	42	45	720	1	609	8147	7565	8132	2.58e-140
AcGFP1	b8fcbd39-bc38-4f2c-a334-c511b009f445	96.409	698	16	8	720	1	720	20664	4027	4744	0.0
AcGFP1	b8fcbd39-bc38-4f2c-a334-c511b009f445	95.724	694	8	12	720	1	720	20664	9208	9914	0.0
AcGFP1	b8fcbd39-bc38-4f2c-a334-c511b009f445	93.836	685	8	21	720	1	720	20664	15315	16017	0.0
AcGFP1	2a7e0400-cb52-4437-b62c-bb681f27637f	96.547	699	10	12	720	1	720	38205	12106	12818	0.0
AcGFP1	e0ef486c-9739-47a7-856b-155cde50e66a	96.561	702	4	13	720	1	720	22599	3548	2836	0.0
AcGFP1	e0ef486c-9739-47a7-856b-155cde50e66a	95.062	693	8	18	720	1	720	22599	18607	17898	0.0
AcGFP1	d67ef7bd-3eae-4e0e-bfbe-3c6246806082	96.542	698	11	12	720	1	720	21070	15087	15798	0.0
AcGFP1	d67ef7bd-3eae-4e0e-bfbe-3c6246806082	95.317	692	11	19	720	1	720	21070	17846	18554	0.0
AcGFP1	d67ef7bd-3eae-4e0e-bfbe-3c6246806082	96.410	564	7	13	720	1	581	21070	857	1431	0.0
AcGFP1	011f345c-cd9f-42af-8e5f-5ec4b95b90a5	96.552	700	6	15	720	1	720	40918	24227	24937	0.0
AcGFP1	011f345c-cd9f-42af-8e5f-5ec4b95b90a5	97.823	674	3	10	720	37	720	40918	18761	18080	0.0
AcGFP1	011f345c-cd9f-42af-8e5f-5ec4b95b90a5	96.006	697	8	13	720	1	720	40918	2082	2792	0.0
AcGFP1	011f345c-cd9f-42af-8e5f-5ec4b95b90a5	95.759	700	10	16	720	1	720	40918	9234	8514	0.0
AcGFP1	011f345c-cd9f-42af-8e5f-5ec4b95b90a5	95.455	693	16	14	720	1	720	40918	34411	35125	0.0
AcGFP1	011f345c-cd9f-42af-8e5f-5ec4b95b90a5	94.429	695	16	15	720	1	720	40918	27588	28314	0.0
AcGFP1	011f345c-cd9f-42af-8e5f-5ec4b95b90a5	94.628	687	16	15	720	1	720	40918	13728	13020	0.0
AcGFP1	bcf9bf08-a480-447b-b136-7cbc756ed2b8	96.547	699	7	17	720	1	720	22717	16597	17306	0.0
AcGFP1	bcf9bf08-a480-447b-b136-7cbc756ed2b8	96.409	698	8	14	720	1	720	22717	19946	20655	0.0
AcGFP1	bcf9bf08-a480-447b-b136-7cbc756ed2b8	95.634	701	9	19	720	1	720	22717	9230	9952	0.0
AcGFP1	bcf9bf08-a480-447b-b136-7cbc756ed2b8	95.616	698	13	12	720	1	720	22717	12605	13325	0.0
AcGFP1	bcf9bf08-a480-447b-b136-7cbc756ed2b8	95.048	691	17	14	720	1	720	22717	2299	1585	0.0
AcGFP1	bcf9bf08-a480-447b-b136-7cbc756ed2b8	86.421	611	48	38	720	2	699	22717	3451	4118	0.0
AcGFP1	cb9be076-2d39-43d3-9941-4025cd3caaec	96.409	698	13	9	720	1	720	5711	789	1503	0.0
AcGFP1	fa5e6788-60f2-4349-a6ec-39eed0b41fa5	96.301	703	7	14	720	1	720	17867	562	1281	0.0
AcGFP1	fa5e6788-60f2-4349-a6ec-39eed0b41fa5	96.276	698	14	10	720	1	720	17867	6654	7370	0.0
AcGFP1	fa5e6788-60f2-4349-a6ec-39eed0b41fa5	78.969	582	75	53	720	8	720	17867	17326	16646	1.60e-117
AcGFP1	fa5e6788-60f2-4349-a6ec-39eed0b41fa5	78.351	456	54	47	720	151	711	17867	11591	11061	6.04e-82
AcGFP1	3727ce3d-2b0d-4d5d-9fab-95f681f6868f	96.409	698	10	10	720	1	720	26142	12587	13298	0.0
AcGFP1	3727ce3d-2b0d-4d5d-9fab-95f681f6868f	95.166	689	15	14	720	1	720	26142	19286	19993	0.0
AcGFP1	3727ce3d-2b0d-4d5d-9fab-95f681f6868f	94.150	676	18	15	720	1	716	26142	15931	16626	0.0
AcGFP1	3727ce3d-2b0d-4d5d-9fab-95f681f6868f	93.169	682	28	17	720	1	720	26142	5870	5149	0.0
AcGFP1	3727ce3d-2b0d-4d5d-9fab-95f681f6868f	76.856	528	67	59	720	1	669	26142	6765	7377	1.01e-79
AcGFP1	3727ce3d-2b0d-4d5d-9fab-95f681f6868f	80.000	264	33	27	720	409	720	26142	25646	25332	1.75e-52
AcGFP1	3d0a5b6d-d0cb-43a0-ab89-520f01ac31ca	96.276	698	13	13	720	1	720	7519	2865	3580	0.0
AcGFP1	3d0a5b6d-d0cb-43a0-ab89-520f01ac31ca	96.133	696	13	13	720	3	720	7519	4979	4265	0.0
AcGFP1	6e666049-74f5-4cc8-83f9-e381d09f53b1	96.154	700	13	9	720	1	720	12116	141	861	0.0
AcGFP1	6e666049-74f5-4cc8-83f9-e381d09f53b1	93.026	667	22	23	720	13	717	12116	10122	9422	0.0
AcGFP1	6e666049-74f5-4cc8-83f9-e381d09f53b1	77.306	419	53	46	720	3	518	12116	6797	6300	2.87e-65
AcGFP1	80c57deb-26a3-449d-b7f9-2ab5649b22b3	96.175	704	4	16	720	1	720	54784	1226	1945	0.0
AcGFP1	80c57deb-26a3-449d-b7f9-2ab5649b22b3	95.730	695	17	10	720	1	720	54784	11371	12088	0.0
AcGFP1	80c57deb-26a3-449d-b7f9-2ab5649b22b3	95.323	693	14	16	720	1	720	54784	50284	49571	0.0
AcGFP1	80c57deb-26a3-449d-b7f9-2ab5649b22b3	93.333	686	15	18	720	1	720	54784	21853	21138	0.0
AcGFP1	80c57deb-26a3-449d-b7f9-2ab5649b22b3	92.966	674	25	22	720	1	720	54784	4601	5304	0.0
AcGFP1	80c57deb-26a3-449d-b7f9-2ab5649b22b3	92.978	662	14	26	720	14	720	54784	53555	52875	0.0
AcGFP1	80c57deb-26a3-449d-b7f9-2ab5649b22b3	89.220	629	34	28	720	29	720	54784	33130	33805	0.0
AcGFP1	80c57deb-26a3-449d-b7f9-2ab5649b22b3	93.141	516	12	15	720	1	549	54784	20091	20623	0.0
AcGFP1	80c57deb-26a3-449d-b7f9-2ab5649b22b3	87.431	633	37	34	720	1	711	54784	43546	42864	0.0
AcGFP1	80c57deb-26a3-449d-b7f9-2ab5649b22b3	78.191	484	28	52	720	13	549	54784	34958	34365	1.69e-77
AcGFP1	7ea4894f-2a05-4783-9bf6-d8dbe390b2f5	96.276	698	10	12	720	1	720	45772	39701	40413	0.0
AcGFP1	7ea4894f-2a05-4783-9bf6-d8dbe390b2f5	95.172	690	15	16	720	1	720	45772	7519	8228	0.0
AcGFP1	7ea4894f-2a05-4783-9bf6-d8dbe390b2f5	95.068	694	13	17	720	1	720	45772	32909	33625	0.0
AcGFP1	7ea4894f-2a05-4783-9bf6-d8dbe390b2f5	94.376	688	17	19	720	1	720	45772	29553	30266	0.0
AcGFP1	7ea4894f-2a05-4783-9bf6-d8dbe390b2f5	93.597	687	22	17	720	1	720	45772	19140	18418	0.0
AcGFP1	7ea4894f-2a05-4783-9bf6-d8dbe390b2f5	93.570	684	21	20	720	2	719	45772	4555	3838	0.0
AcGFP1	7ea4894f-2a05-4783-9bf6-d8dbe390b2f5	94.579	663	16	17	720	1	695	45772	24150	23466	0.0
AcGFP1	7ea4894f-2a05-4783-9bf6-d8dbe390b2f5	92.476	676	22	22	720	1	720	45772	14650	13942	0.0
AcGFP1	9eeadd8d-0249-4607-9940-0f2f6262a27b	96.271	697	11	11	720	1	720	28317	26554	27265	0.0
AcGFP1	9eeadd8d-0249-4607-9940-0f2f6262a27b	96.888	685	9	12	720	1	702	28317	10376	9678	0.0
AcGFP1	9eeadd8d-0249-4607-9940-0f2f6262a27b	96.006	697	10	13	720	1	720	28317	7048	6336	0.0
AcGFP1	9eeadd8d-0249-4607-9940-0f2f6262a27b	95.879	698	10	14	720	1	720	28317	3705	2990	0.0
AcGFP1	9eeadd8d-0249-4607-9940-0f2f6262a27b	92.105	665	30	18	720	14	720	28317	16421	15712	0.0
AcGFP1	9eeadd8d-0249-4607-9940-0f2f6262a27b	95.143	333	10	4	720	3	345	28317	351	2	1.52e-152
AcGFP1	9eeadd8d-0249-4607-9940-0f2f6262a27b	84.362	205	17	15	720	11	250	28317	17341	17565	3.77e-54
AcGFP1	b68a028d-c6da-4b77-953a-ddcab9d27611	96.255	694	15	10	720	1	720	19657	8626	7917	0.0
AcGFP1	b68a028d-c6da-4b77-953a-ddcab9d27611	95.851	693	16	13	720	1	720	19657	17262	17973	0.0
AcGFP1	b68a028d-c6da-4b77-953a-ddcab9d27611	94.805	657	16	18	720	31	711	19657	1901	1217	0.0
AcGFP1	b68a028d-c6da-4b77-953a-ddcab9d27611	96.786	542	1	9	720	1	559	19657	14463	15006	0.0
AcGFP1	b68a028d-c6da-4b77-953a-ddcab9d27611	90.678	107	6	4	720	605	720	19657	9047	9161	3.88e-34
AcGFP1	44fd9851-e353-4a19-9f55-fd30dcb819c6	96.271	697	8	13	720	6	720	46799	30435	31148	0.0
AcGFP1	44fd9851-e353-4a19-9f55-fd30dcb819c6	95.742	697	15	12	720	1	720	46799	21736	21017	0.0
AcGFP1	44fd9851-e353-4a19-9f55-fd30dcb819c6	95.077	676	13	14	720	1	705	46799	27053	27747	0.0
AcGFP1	44fd9851-e353-4a19-9f55-fd30dcb819c6	90.082	663	31	28	720	1	708	46799	16670	15949	0.0
AcGFP1	44fd9851-e353-4a19-9f55-fd30dcb819c6	87.550	661	32	38	720	1	720	46799	37272	37999	0.0
AcGFP1	44fd9851-e353-4a19-9f55-fd30dcb819c6	83.248	651	51	54	720	1	720	46799	12187	11424	0.0
AcGFP1	5fd6b5fe-264c-421a-868c-8f3ac792510c	95.902	702	10	16	720	1	720	2888	1232	509	0.0
AcGFP1	5fd6b5fe-264c-421a-868c-8f3ac792510c	84.689	177	17	12	720	249	452	2888	2013	2211	6.35e-47
AcGFP1	67c16c2d-9dfd-4ef4-affd-1cd4d228ae0d	96.624	687	7	12	720	1	708	9663	4188	3492	0.0
AcGFP1	67c16c2d-9dfd-4ef4-affd-1cd4d228ae0d	91.346	665	16	30	720	1	720	9663	7133	7821	0.0
AcGFP1	35f98073-f4b2-4cfa-891a-1254f738e38f	95.989	694	15	12	720	1	720	56525	10004	9293	0.0
AcGFP1	35f98073-f4b2-4cfa-891a-1254f738e38f	96.738	682	10	9	720	1	703	56525	19316	18623	0.0
AcGFP1	35f98073-f4b2-4cfa-891a-1254f738e38f	97.131	677	5	12	720	31	720	56525	29660	30348	0.0
AcGFP1	35f98073-f4b2-4cfa-891a-1254f738e38f	95.851	693	4	19	720	1	720	56525	36042	36741	0.0
AcGFP1	35f98073-f4b2-4cfa-891a-1254f738e38f	95.436	690	17	12	720	1	720	56525	20238	20947	0.0
AcGFP1	35f98073-f4b2-4cfa-891a-1254f738e38f	95.664	684	6	18	720	10	720	56525	53314	52621	0.0
AcGFP1	35f98073-f4b2-4cfa-891a-1254f738e38f	94.809	694	14	14	720	1	711	56525	46526	45798	0.0
AcGFP1	35f98073-f4b2-4cfa-891a-1254f738e38f	94.102	686	16	19	720	1	720	56525	88	798	0.0
AcGFP1	35f98073-f4b2-4cfa-891a-1254f738e38f	97.084	566	7	7	720	142	720	56525	56513	55937	0.0
AcGFP1	35f98073-f4b2-4cfa-891a-1254f738e38f	98.192	543	2	6	720	1	549	56525	37802	37254	0.0
AcGFP1	35f98073-f4b2-4cfa-891a-1254f738e38f	85.653	597	46	40	720	27	704	56525	13312	12651	0.0
AcGFP1	1848c259-b443-42a1-8c8d-fd0f251b42d4	95.989	694	12	11	720	5	717	77933	53569	52854	0.0
AcGFP1	1848c259-b443-42a1-8c8d-fd0f251b42d4	95.862	695	15	11	720	2	720	77933	70130	70845	0.0
AcGFP1	1848c259-b443-42a1-8c8d-fd0f251b42d4	95.436	690	11	14	720	1	720	77933	10286	9583	0.0
AcGFP1	1848c259-b443-42a1-8c8d-fd0f251b42d4	95.075	695	13	15	720	1	720	77933	23032	23750	0.0
AcGFP1	1848c259-b443-42a1-8c8d-fd0f251b42d4	94.911	690	10	12	720	1	720	77933	46333	45627	0.0
AcGFP1	1848c259-b443-42a1-8c8d-fd0f251b42d4	95.306	670	12	17	720	28	720	77933	38620	39311	0.0
AcGFP1	1848c259-b443-42a1-8c8d-fd0f251b42d4	92.593	675	31	21	720	1	720	77933	49628	48914	0.0
AcGFP1	1848c259-b443-42a1-8c8d-fd0f251b42d4	91.944	662	22	26	720	14	720	77933	62939	62243	0.0
AcGFP1	1848c259-b443-42a1-8c8d-fd0f251b42d4	91.108	666	29	29	720	1	720	77933	64080	64785	0.0
AcGFP1	1848c259-b443-42a1-8c8d-fd0f251b42d4	91.608	655	23	21	720	1	712	77933	30644	31324	0.0
AcGFP1	1848c259-b443-42a1-8c8d-fd0f251b42d4	89.632	657	29	35	720	1	717	77933	56892	56191	0.0
AcGFP1	1848c259-b443-42a1-8c8d-fd0f251b42d4	95.443	377	5	10	720	1	390	77933	38245	38631	3.18e-174
AcGFP1	03818b2d-c83d-43d2-939f-8588ec801f03	96.250	693	4	14	720	1	720	10412	4975	5671	0.0
AcGFP1	03818b2d-c83d-43d2-939f-8588ec801f03	94.955	320	7	9	720	1	336	10412	10073	10400	9.23e-145
AcGFP1	03818b2d-c83d-43d2-939f-8588ec801f03	95.349	164	4	3	720	401	570	10412	6652	6483	1.03e-69
AcGFP1	f2558649-e0e9-464b-a1a2-12f290c8741f	95.978	692	16	7	720	1	720	10955	10834	10126	0.0
AcGFP1	f2558649-e0e9-464b-a1a2-12f290c8741f	95.775	680	10	14	720	18	720	10955	761	1457	0.0
AcGFP1	f2558649-e0e9-464b-a1a2-12f290c8741f	91.382	668	26	27	720	1	720	10955	4073	4777	0.0
AcGFP1	05123ea9-42d2-4823-a01f-cf9ac3f84414	95.736	696	15	11	720	1	720	39523	29301	28584	0.0
AcGFP1	05123ea9-42d2-4823-a01f-cf9ac3f84414	95.068	694	18	12	720	1	717	39523	32667	31943	0.0
AcGFP1	05123ea9-42d2-4823-a01f-cf9ac3f84414	95.291	688	15	13	720	1	713	39523	25367	24656	0.0
AcGFP1	05123ea9-42d2-4823-a01f-cf9ac3f84414	94.925	692	14	15	720	10	720	39523	38696	37973	0.0
AcGFP1	05123ea9-42d2-4823-a01f-cf9ac3f84414	92.789	682	24	17	720	1	720	39523	22029	21309	0.0
AcGFP1	05123ea9-42d2-4823-a01f-cf9ac3f84414	92.603	676	31	20	720	1	720	39523	6166	6882	0.0
AcGFP1	05123ea9-42d2-4823-a01f-cf9ac3f84414	91.076	643	26	30	720	28	720	39523	14235	14916	0.0
AcGFP1	05123ea9-42d2-4823-a01f-cf9ac3f84414	92.839	363	13	10	720	1	385	39523	13860	14241	9.10e-155
AcGFP1	c416e302-ed96-438e-b5c0-d510c716e55a	95.748	698	12	16	720	1	720	14240	10954	11672	0.0
AcGFP1	c416e302-ed96-438e-b5c0-d510c716e55a	95.455	693	14	16	720	1	720	14240	4892	5604	0.0
AcGFP1	6c7a7b70-4be9-4e7f-8dbb-d9d78d636e29	95.604	696	19	9	720	1	720	25730	13278	12556	0.0
AcGFP1	6c7a7b70-4be9-4e7f-8dbb-d9d78d636e29	94.670	675	14	13	720	19	720	25730	9894	9195	0.0
AcGFP1	6c7a7b70-4be9-4e7f-8dbb-d9d78d636e29	93.655	679	19	19	720	1	720	25730	93	795	0.0
AcGFP1	6c7a7b70-4be9-4e7f-8dbb-d9d78d636e29	84.532	623	49	48	720	1	720	25730	19259	18571	0.0
AcGFP1	6800e27d-8ee1-4176-a367-962c5ef37e8b	95.856	694	12	15	720	1	720	13003	468	1177	0.0
AcGFP1	6800e27d-8ee1-4176-a367-962c5ef37e8b	95.604	696	13	15	720	1	720	13003	6531	7247	0.0
AcGFP1	6800e27d-8ee1-4176-a367-962c5ef37e8b	91.873	667	24	22	720	1	720	13003	12778	12082	0.0
AcGFP1	e80e5585-180b-4185-8f0c-9c7db1385d34	95.516	703	7	17	720	1	720	7698	2279	3004	0.0
AcGFP1	5331fea0-0eed-48df-8087-55ac71d20e1e	95.498	700	11	16	720	1	720	8955	4946	5669	0.0
AcGFP1	6530a75e-2d04-49f9-a958-1a2d6bd852a8	95.442	691	17	14	720	1	720	3997	2913	2202	0.0
AcGFP1	05e6af22-7c7b-4f59-bb8d-9bee1ae9fd20	95.199	694	14	15	720	1	720	28951	17940	17224	0.0
AcGFP1	05e6af22-7c7b-4f59-bb8d-9bee1ae9fd20	87.871	652	37	40	720	6	717	28951	22184	21466	0.0
AcGFP1	05e6af22-7c7b-4f59-bb8d-9bee1ae9fd20	89.500	358	16	20	720	1	385	28951	25079	24691	1.21e-133
AcGFP1	bfb55b2f-3e2e-43e2-9931-40fc4c0bf040	95.297	689	11	13	720	1	720	28909	26635	25933	0.0
AcGFP1	bfb55b2f-3e2e-43e2-9931-40fc4c0bf040	95.055	692	12	17	720	1	720	28909	3706	4417	0.0
AcGFP1	bfb55b2f-3e2e-43e2-9931-40fc4c0bf040	92.371	678	23	23	720	1	720	28909	7667	8381	0.0
AcGFP1	bfb55b2f-3e2e-43e2-9931-40fc4c0bf040	92.690	672	20	24	720	3	720	28909	11001	11699	0.0
AcGFP1	bfb55b2f-3e2e-43e2-9931-40fc4c0bf040	92.275	645	28	22	720	34	720	28909	18664	17980	0.0
AcGFP1	bfb55b2f-3e2e-43e2-9931-40fc4c0bf040	90.996	667	24	34	720	1	720	28909	414	1117	0.0
AcGFP1	bfb55b2f-3e2e-43e2-9931-40fc4c0bf040	92.670	354	14	9	720	1	376	28909	19046	18673	2.55e-150
AcGFP1	fae31983-e85b-404e-86d7-61c4ad3a089a	95.041	690	19	12	720	1	720	62611	4825	5539	0.0
AcGFP1	fae31983-e85b-404e-86d7-61c4ad3a089a	94.505	688	11	19	720	1	720	62611	46396	47102	0.0
AcGFP1	fae31983-e85b-404e-86d7-61c4ad3a089a	93.861	688	22	14	720	4	720	62611	11084	11809	0.0
AcGFP1	fae31983-e85b-404e-86d7-61c4ad3a089a	93.452	685	21	22	720	1	717	62611	36873	37594	0.0
AcGFP1	fae31983-e85b-404e-86d7-61c4ad3a089a	92.720	675	28	21	720	1	720	62611	28153	27443	0.0
AcGFP1	fae31983-e85b-404e-86d7-61c4ad3a089a	92.476	676	29	23	720	1	720	62611	31476	30761	0.0
AcGFP1	fae31983-e85b-404e-86d7-61c4ad3a089a	91.120	667	34	21	720	1	720	62611	41886	42598	0.0
AcGFP1	fae31983-e85b-404e-86d7-61c4ad3a089a	91.583	642	23	28	720	32	713	62611	53494	52811	0.0
AcGFP1	fae31983-e85b-404e-86d7-61c4ad3a089a	88.418	626	37	27	720	19	708	62611	21383	20703	0.0
AcGFP1	fae31983-e85b-404e-86d7-61c4ad3a089a	86.951	633	39	38	720	1	720	62611	56489	57168	0.0
AcGFP1	fae31983-e85b-404e-86d7-61c4ad3a089a	87.676	498	34	28	720	1	549	62611	12872	12322	1.47e-177
AcGFP1	771255f5-9029-4ddf-b1be-3814369336cb	94.737	702	8	19	720	1	720	71997	2578	3308	0.0
AcGFP1	771255f5-9029-4ddf-b1be-3814369336cb	94.897	688	15	16	720	1	720	71997	22421	23128	0.0
AcGFP1	771255f5-9029-4ddf-b1be-3814369336cb	94.550	694	15	17	720	1	720	71997	67574	66852	0.0
AcGFP1	771255f5-9029-4ddf-b1be-3814369336cb	94.803	675	19	13	720	16	720	71997	52276	51576	0.0
AcGFP1	771255f5-9029-4ddf-b1be-3814369336cb	94.254	689	16	17	720	1	720	71997	61498	60783	0.0
AcGFP1	771255f5-9029-4ddf-b1be-3814369336cb	93.923	680	22	20	720	1	720	71997	16398	17103	0.0
AcGFP1	771255f5-9029-4ddf-b1be-3814369336cb	93.969	670	12	19	720	1	711	71997	37626	38309	0.0
AcGFP1	771255f5-9029-4ddf-b1be-3814369336cb	92.605	576	14	23	720	1	609	71997	68720	69322	0.0
AcGFP1	771255f5-9029-4ddf-b1be-3814369336cb	88.451	651	40	37	720	1	720	71997	43643	44349	0.0
AcGFP1	771255f5-9029-4ddf-b1be-3814369336cb	78.571	352	43	34	720	76	504	71997	49600	49187	1.73e-62
AcGFP1	1b83ae44-1421-4c79-ad86-108d98dae477	94.795	692	19	16	720	1	720	16928	5966	6686	0.0
AcGFP1	1b83ae44-1421-4c79-ad86-108d98dae477	97.943	381	2	6	720	1	385	16928	2721	3107	0.0
AcGFP1	1b83ae44-1421-4c79-ad86-108d98dae477	93.220	165	2	8	720	554	720	16928	16916	16740	3.72e-64
AcGFP1	9222f67e-b4d8-480c-908a-16b79deda5e9	94.368	687	25	12	720	1	720	38829	31748	32467	0.0
AcGFP1	9222f67e-b4d8-480c-908a-16b79deda5e9	93.923	680	19	16	720	1	720	38829	4817	5519	0.0
AcGFP1	9222f67e-b4d8-480c-908a-16b79deda5e9	93.333	686	18	23	720	1	720	38829	25678	26396	0.0
AcGFP1	9222f67e-b4d8-480c-908a-16b79deda5e9	91.781	670	30	21	720	1	720	38829	10800	11509	0.0
AcGFP1	9222f67e-b4d8-480c-908a-16b79deda5e9	76.776	443	59	53	720	16	573	38829	37849	37329	1.03e-64
AcGFP1	ff20c46f-329e-423a-9e53-8e3ca6407715	94.951	677	19	14	720	13	717	4335	3051	2348	0.0
AcGFP1	ff20c46f-329e-423a-9e53-8e3ca6407715	95.015	324	1	11	720	1	337	4335	3997	4325	2.57e-145
AcGFP1	8202a07f-f6f4-4de3-b2d4-ca86ab94fc6a	95.042	671	8	15	720	26	720	18494	15814	15125	0.0
AcGFP1	52355bac-6340-46a7-a881-6ebfe3ad31b7	93.758	691	21	16	720	1	720	13908	699	1427	0.0
AcGFP1	52355bac-6340-46a7-a881-6ebfe3ad31b7	92.944	685	16	20	720	1	720	13908	4947	5664	0.0
AcGFP1	9d5744c0-b2e3-4e9a-8945-937b23a181cd	93.699	684	18	22	720	1	720	40055	38529	39240	0.0
AcGFP1	9d5744c0-b2e3-4e9a-8945-937b23a181cd	92.497	678	18	24	720	1	720	40055	31834	32542	0.0
AcGFP1	9d5744c0-b2e3-4e9a-8945-937b23a181cd	92.244	666	25	23	720	1	717	40055	9699	9004	0.0
AcGFP1	9d5744c0-b2e3-4e9a-8945-937b23a181cd	90.314	662	27	28	720	1	720	40055	25254	24553	0.0
AcGFP1	9d5744c0-b2e3-4e9a-8945-937b23a181cd	89.237	655	33	38	720	1	720	40055	35174	35875	0.0
AcGFP1	9d5744c0-b2e3-4e9a-8945-937b23a181cd	85.829	642	43	46	720	1	720	40055	15880	15168	0.0
AcGFP1	9d5744c0-b2e3-4e9a-8945-937b23a181cd	88.612	498	24	25	720	1	549	40055	7964	8498	0.0
AcGFP1	e39336be-026b-4843-a90e-4eb1220d9d20	93.169	682	32	15	720	1	720	62342	20613	21338	0.0
AcGFP1	e39336be-026b-4843-a90e-4eb1220d9d20	93.750	675	16	21	720	1	709	62342	43725	43024	0.0
AcGFP1	e39336be-026b-4843-a90e-4eb1220d9d20	89.056	651	31	36	720	1	719	62342	7959	7266	0.0
AcGFP1	e39336be-026b-4843-a90e-4eb1220d9d20	88.343	629	37	38	720	28	720	62342	36036	36720	0.0
AcGFP1	e39336be-026b-4843-a90e-4eb1220d9d20	87.980	344	28	15	720	1	385	62342	35665	36042	5.71e-122
AcGFP1	e39336be-026b-4843-a90e-4eb1220d9d20	78.849	507	56	61	720	3	621	62342	28176	28762	5.92e-97
AcGFP1	2dc85a46-eb18-4920-8942-694b32c3b21c	93.061	684	14	26	720	1	720	16175	2729	2017	0.0
AcGFP1	7b5999f5-290f-4127-8bf2-ef83db896d23	96.935	601	13	5	720	6	621	10833	618	1	0.0
AcGFP1	3e244a2c-6a17-4086-a4e3-c62bbd00cd7a	94.925	636	14	17	720	31	692	36026	3234	3891	0.0
AcGFP1	17f65784-12c5-41cd-b25d-84648d4f57e9	92.867	677	20	22	720	1	720	12443	4589	5294	0.0
AcGFP1	1f34e8db-d611-4414-9b6f-8d48c307a268	92.613	677	12	29	720	1	720	50865	33494	34193	0.0
AcGFP1	1f34e8db-d611-4414-9b6f-8d48c307a268	92.500	666	22	27	720	1	709	50865	44090	44788	0.0
AcGFP1	1f34e8db-d611-4414-9b6f-8d48c307a268	91.896	669	22	27	720	6	720	50865	26243	25540	0.0
AcGFP1	1f34e8db-d611-4414-9b6f-8d48c307a268	90.909	670	32	27	720	1	720	50865	1869	2587	0.0
AcGFP1	1f34e8db-d611-4414-9b6f-8d48c307a268	90.761	668	32	27	720	1	720	50865	40725	41440	0.0
AcGFP1	1f34e8db-d611-4414-9b6f-8d48c307a268	89.609	664	34	35	720	1	720	50865	27407	28125	0.0
AcGFP1	1f34e8db-d611-4414-9b6f-8d48c307a268	89.295	659	39	33	720	1	715	50865	20192	19472	0.0
AcGFP1	1f34e8db-d611-4414-9b6f-8d48c307a268	87.989	630	49	30	720	19	720	50865	10879	10187	0.0
AcGFP1	1f34e8db-d611-4414-9b6f-8d48c307a268	87.518	596	31	34	720	55	714	50865	36856	37503	0.0
AcGFP1	1f34e8db-d611-4414-9b6f-8d48c307a268	87.560	549	50	19	720	106	720	50865	8097	7487	0.0
AcGFP1	c64c4f23-8e33-44cd-ace4-750c031a9d04	91.803	672	23	26	720	1	720	8190	3968	4674	0.0
AcGFP1	fc6c8ca0-f5bd-40f7-b3f6-18eed1f347ab	91.873	667	17	22	720	1	720	18647	1797	1108	0.0
AcGFP1	fc6c8ca0-f5bd-40f7-b3f6-18eed1f347ab	97.692	381	0	5	720	1	385	18647	5002	4617	0.0
AcGFP1	fffa3417-c7b9-4f29-8aae-94908e850f86	91.382	668	33	26	720	1	720	26661	14758	14047	0.0
AcGFP1	fffa3417-c7b9-4f29-8aae-94908e850f86	89.276	666	33	36	720	1	720	26661	11429	10705	0.0
AcGFP1	fffa3417-c7b9-4f29-8aae-94908e850f86	88.177	619	38	30	720	1	681	26661	18698	18021	0.0
AcGFP1	fffa3417-c7b9-4f29-8aae-94908e850f86	86.694	632	42	39	720	4	720	26661	22019	21334	0.0
AcGFP1	fffa3417-c7b9-4f29-8aae-94908e850f86	86.920	618	36	42	720	28	720	26661	3826	4497	0.0
AcGFP1	fffa3417-c7b9-4f29-8aae-94908e850f86	80.549	323	39	29	720	1	385	26661	3455	3832	2.85e-70
AcGFP1	90e71be2-ec98-4df0-b890-9ed6fbbce854	91.748	656	28	23	720	1	702	7263	5886	5190	0.0
AcGFP1	5d3962e8-ee6c-4264-b0e3-5e6b2922f8f7	91.172	661	28	25	720	1	720	57197	37053	37746	0.0
AcGFP1	5d3962e8-ee6c-4264-b0e3-5e6b2922f8f7	88.267	647	45	32	720	1	720	57197	2395	3099	0.0
AcGFP1	5d3962e8-ee6c-4264-b0e3-5e6b2922f8f7	88.703	636	36	35	720	1	710	57197	43031	43709	0.0
AcGFP1	5d3962e8-ee6c-4264-b0e3-5e6b2922f8f7	90.738	578	18	30	720	1	631	57197	16089	16690	0.0
AcGFP1	5d3962e8-ee6c-4264-b0e3-5e6b2922f8f7	86.890	623	38	34	720	1	711	57197	49196	48530	0.0
AcGFP1	5d3962e8-ee6c-4264-b0e3-5e6b2922f8f7	85.519	626	55	39	720	5	711	57197	51858	51153	0.0
AcGFP1	5d3962e8-ee6c-4264-b0e3-5e6b2922f8f7	78.049	576	61	72	720	9	720	57197	22047	22709	2.73e-100
AcGFP1	6f2c1f8b-cc84-4d56-a122-bb38b7886beb	97.345	550	3	7	720	161	720	14950	1	558	0.0
AcGFP1	6f2c1f8b-cc84-4d56-a122-bb38b7886beb	83.162	647	27	61	720	1	693	14950	4944	5702	1.14e-173
AcGFP1	6f2c1f8b-cc84-4d56-a122-bb38b7886beb	79.494	597	48	65	720	2	680	14950	9740	10456	9.56e-120
AcGFP1	959001c7-bbd7-4f7b-8a84-71a9797de488	93.878	598	20	14	720	1	624	4624	3984	4614	0.0
AcGFP1	b8d1d862-48c3-4bcf-9f28-f309389562c3	90.068	662	29	29	720	1	713	6201	2864	2152	0.0
AcGFP1	85a4b696-cccb-4d46-8a49-942153f164a7	90.150	659	22	40	720	1	720	21092	1883	2574	0.0
AcGFP1	85a4b696-cccb-4d46-8a49-942153f164a7	88.602	653	34	31	720	1	720	21092	8102	7399	0.0
AcGFP1	85a4b696-cccb-4d46-8a49-942153f164a7	86.594	633	45	42	720	19	720	21092	14108	13402	0.0
AcGFP1	587b170b-9b36-416b-b9b0-f7ffe28c2366	96.403	536	5	8	720	168	720	3263	1758	1215	0.0
AcGFP1	24f4ec95-85a7-4741-b561-45342338e1b0	89.891	658	21	38	720	4	706	29426	28625	27918	0.0
AcGFP1	24f4ec95-85a7-4741-b561-45342338e1b0	87.601	650	31	43	720	1	720	29426	13353	14055	0.0
AcGFP1	24f4ec95-85a7-4741-b561-45342338e1b0	84.848	616	30	43	720	42	720	29426	17639	18331	0.0
AcGFP1	24f4ec95-85a7-4741-b561-45342338e1b0	88.000	352	11	20	720	1	385	29426	10078	10455	2.66e-120
AcGFP1	6dfc20b5-4102-43c9-9c85-e79532f8fc3b	90.028	650	25	29	720	1	711	71839	2117	2802	0.0
AcGFP1	7a7dad28-fbb1-46c9-96e1-af22953d7108	93.357	534	8	18	720	1	559	1889	1684	1130	0.0
AcGFP1	1a1a59a1-500e-466a-96d6-42a8ae40e156	87.127	643	48	34	720	1	720	11537	10677	9969	0.0
AcGFP1	a767394f-cf93-4332-b26b-fd6ca8a11708	85.620	649	43	45	720	1	720	13788	10610	11339	0.0
AcGFP1	a767394f-cf93-4332-b26b-fd6ca8a11708	83.137	636	37	57	720	1	711	13788	6344	7070	4.11e-173
AcGFP1	a767394f-cf93-4332-b26b-fd6ca8a11708	89.851	363	6	23	720	1	385	13788	3072	3459	9.36e-135
AcGFP1	e531606a-c562-427d-8329-dc756df1d27b	96.244	410	7	8	720	1	424	6115	419	1	0.0
AcGFP1	eca39981-d546-458b-9fbb-d7467119568e	94.843	423	8	11	720	280	720	1832	1827	1392	0.0
AcGFP1	c8c840dc-2bc5-4fad-8c0a-d5c10195096b	84.699	620	46	48	720	3	711	4904	757	69	0.0
AcGFP1	c8c840dc-2bc5-4fad-8c0a-d5c10195096b	86.503	141	10	11	720	396	555	4904	3875	4028	3.85e-39
AcGFP1	0948e763-6c83-428d-93f9-f57dd6ef20c9	97.949	382	0	6	720	1	385	3086	1354	1740	0.0
AcGFP1	0948e763-6c83-428d-93f9-f57dd6ef20c9	86.752	203	17	13	720	84	314	3086	1957	1735	4.81e-63
AcGFP1	9342b8bf-7e14-4329-9baf-98c46c42c47f	98.391	367	2	4	720	351	720	104430	3841	3470	0.0
AcGFP1	d13d6125-819d-448f-b70e-bd3b4ef6a936	83.867	629	44	47	720	18	718	12599	12480	11759	0.0
AcGFP1	c722696e-8f29-4051-964f-384277254b35	83.198	614	65	42	720	19	720	72604	34704	33990	2.46e-175
AcGFP1	c722696e-8f29-4051-964f-384277254b35	82.409	520	47	45	720	40	649	72604	19831	20418	2.01e-136
AcGFP1	c722696e-8f29-4051-964f-384277254b35	79.735	602	74	63	720	1	720	72604	30691	29981	7.28e-131
AcGFP1	c722696e-8f29-4051-964f-384277254b35	79.939	526	59	52	720	18	647	72604	63181	62569	1.25e-113
AcGFP1	c722696e-8f29-4051-964f-384277254b35	82.785	428	35	39	720	220	707	72604	58934	58443	1.61e-112
AcGFP1	c722696e-8f29-4051-964f-384277254b35	78.708	536	60	65	720	6	666	72604	1190	1805	2.11e-101
AcGFP1	c722696e-8f29-4051-964f-384277254b35	76.707	573	79	72	720	1	720	72604	8932	9610	6.00e-87
AcGFP1	c722696e-8f29-4051-964f-384277254b35	80.000	316	33	38	720	3	385	72604	66188	65828	1.34e-63
AcGFP1	c722696e-8f29-4051-964f-384277254b35	75.340	498	75	71	720	1	627	72604	13869	14475	1.04e-59
AcGFP1	c722696e-8f29-4051-964f-384277254b35	82.955	146	13	11	720	401	569	72604	10539	10374	2.33e-31
AcGFP1	b7020a24-6da2-4b7e-9ac2-6caf91a42daa	89.822	353	9	20	720	1	385	5620	3372	3741	2.03e-131
AcGFP1	2f919487-367a-497f-b0b0-fcac60504db0	97.794	266	2	4	720	450	720	1289	1	269	1.22e-128
AcGFP1	40b5d2f4-03aa-47ab-b15d-82df5b2b923a	100.000	230	0	0	720	491	720	2821	2814	2585	2.07e-116
AcGFP1	cf94dbe9-481c-4697-834d-5db994a5c59e	95.455	210	2	5	720	301	517	9817	9360	9574	5.96e-92
AcGFP1	670349d6-e9e1-4cc6-94ca-960321f3bd51	84.564	252	7	24	720	1	286	5031	2445	2715	2.22e-66
AcGFP1	b6b1a047-d3f8-42e5-90b7-130ebe213350	97.015	130	0	2	720	1	130	14396	14301	14168	2.91e-55
